# Accelerometer Values
# filename:  default__1.txt
# Saving start time: Mon Jan 05 14:28:14 PST 2015

# sensor resolution: 1.0m/s^2
#Sensorvendor: Invensense, name: MPL accel, type: 1,version : 1, range 10240.0

# X value, Y value, Z value, time diff in ms
0.805 3.424 8.968 10
0.801 3.386 8.891 11
0.802 3.45 8.744 9
0.88 3.426 8.588 10
0.907 3.376 8.322 10
0.846 3.485 8.218 10
0.762 3.678 8.079 10
0.863 3.802 8.134 10
0.993 3.901 8.152 10
1.053 3.978 8.273 10
1.066 3.939 8.461 10
1.016 3.918 8.655 11
0.201 3.526 11.648 600
0.247 3.312 11.829 9
0.268 3.075 12.103 11
0.316 2.757 12.171 9
0.302 2.514 12.172 11
0.417 2.205 12.048 10
0.405 1.956 11.964 9
0.449 1.82 11.88 11
0.528 1.84 11.567 9
0.511 1.875 11.244 10
0.52 1.989 10.914 11
0.476 2.155 10.268 9
0.392 2.218 9.496 10
0.126 2.278 8.914 10
-0.082 2.415 8.649 10
-0.269 2.561 8.335 11
-0.49 2.62 8.143 11
-0.708 2.701 8.162 8
-1.114 2.676 8.005 13
-1.114 2.676 8.005 7
-1.155 2.628 8.178 11
-1.032 2.463 8.301 9
-0.946 2.36 8.37 10
-0.877 2.363 8.489 10
-0.878 2.313 8.608 10
-0.864 2.341 8.855 11
-0.789 2.433 9.154 9
-0.772 2.414 9.26 11
-0.803 2.396 9.285 9
-0.817 2.379 9.407 10
-0.786 2.281 9.395 11
-0.714 2.228 9.371 11
-0.625 2.232 9.384 8
-0.567 2.265 9.262 10
-0.627 2.36 9.0 10
-0.661 2.445 8.798 11
-0.693 2.573 8.547 10
-0.712 2.639 8.361 9
-0.734 2.738 8.29 13
-0.807 2.866 8.246 7
-0.841 2.932 8.213 11
-0.832 2.977 8.183 9
-0.51 4.102 8.576 191
-0.482 4.204 8.702 10
-0.401 4.188 8.807 9
-0.311 4.157 8.97 10
-0.253 4.12 9.235 11
-0.045 4.151 9.923 10
0.079 4.199 10.348 9
0.189 4.21 10.633 10
0.185 4.257 10.9 11
0.196 4.255 11.066 9
0.262 4.102 11.233 11
0.367 3.914 11.37 10
0.465 3.803 11.609 9
0.486 3.938 11.678 10
0.565 4.024 11.552 10
0.505 3.981 11.502 11
0.544 3.926 11.206 16
0.596 3.72 10.551 24
0.57 3.697 10.368 10
0.469 3.593 10.431 9
0.54 3.592 10.527 11
0.801 3.391 10.744 9
1.234 3.119 10.929 10
1.556 2.908 11.099 11
1.75 2.827 11.066 9
1.7 2.763 10.959 11
1.957 2.713 10.413 9
1.666 2.646 9.981 11
1.296 2.693 9.613 10
0.954 2.756 9.207 9
0.738 2.885 8.85 13
0.607 2.975 8.725 7
0.652 3.006 8.884 10
0.793 3.07 9.05 11
0.969 3.056 9.132 9
1.123 3.093 9.304 10
1.163 3.21 9.101 13
1.163 3.21 9.101 7
1.116 3.227 8.807 11
1.057 3.23 8.568 9
0.961 3.315 8.327 10
0.911 3.33 8.149 10
1.043 3.169 7.935 10
1.086 3.1 7.786 11
1.086 3.1 7.786 30
0.881 3.342 7.168 20
0.645 3.554 6.799 19
0.476 3.592 6.968 20
0.347 3.57 7.137 21
0.504 3.438 7.29 22
0.352 3.458 7.404 18
0.203 3.572 7.45 19
0.256 3.623 7.496 20
0.201 3.681 7.808 20
0.233 3.798 8.378 20
0.411 3.78 8.398 21
-0.082 4.221 8.484 19
-0.246 4.29 8.814 20
0.025 4.239 9.359 20
0.298 4.022 9.954 23
0.326 3.937 10.441 18
0.032 4.004 10.696 19
-0.456 3.882 10.838 20
-0.906 3.679 11.038 20
-1.066 3.414 11.583 20
-1.09 2.896 12.773 21
-0.561 2.027 13.45 19
0.019 1.227 13.312 20
0.45 0.59 12.513 20
-0.451 1.76 8.908 61
-0.743 1.986 8.501 19
-1.138 2.209 8.443 20
-0.971 2.156 8.751 20
-0.51 1.85 9.11 21
-0.473 1.815 9.279 19
-0.495 1.532 9.322 20
-0.286 1.216 9.38 20
-0.086 0.934 9.647 23
0.096 0.886 9.456 18
0.353 0.744 8.786 19
0.186 1.119 8.135 20
0.045 1.759 7.798 21
-0.016 2.494 7.48 19
0.099 2.902 7.5 21
0.164 3.338 7.761 19
0.102 3.587 8.384 20
0.38 3.547 8.951 21
0.358 3.484 9.459 22
0.358 3.484 9.459 18
-0.016 3.458 9.273 19
-0.179 3.473 9.321 20
-0.148 3.72 9.863 20
-0.07 3.818 9.592 20
-0.167 4.051 9.529 21
-0.227 4.046 9.774 19
-0.155 3.842 10.472 21
0.114 3.737 11.345 19
0.073 3.548 11.349 23
-0.293 3.115 10.747 18
-0.493 2.738 10.794 22
-0.554 2.629 10.86 17
-0.374 2.368 11.171 20
0.065 2.374 11.769 20
0.467 2.24 11.299 21
0.124 2.143 10.015 20
-0.371 2.524 8.831 19
-0.482 3.078 8.363 20
-0.198 3.412 8.284 23
0.185 3.403 8.414 18
0.117 3.432 8.301 19
-0.027 3.427 8.068 20
-0.443 3.628 7.928 20
-0.808 3.666 7.713 20
-1.084 3.384 7.471 21
-1.314 3.105 7.325 19
-1.532 3.081 7.235 21
-1.522 3.148 7.586 20
-1.334 3.46 7.837 22
-1.22 3.663 8.02 18
-1.207 3.693 7.994 19
-1.215 3.657 7.837 20
-1.126 3.729 7.72 20
-1.302 3.997 7.911 20
-1.411 4.252 8.002 21
-1.372 4.143 7.897 19
-1.495 3.998 8.475 20
-1.235 3.846 9.273 21
-0.13 3.596 10.732 22
-0.13 3.596 10.732 18
-1.472 4.469 10.742 20
-2.113 4.333 10.532 19
-1.972 3.604 10.811 20
-1.687 2.852 11.673 20
-1.39 2.09 12.005 21
-1.007 1.367 11.801 19
-0.613 1.047 11.238 20
-0.855 0.98 10.189 20
-1.361 1.277 8.988 23
-1.771 1.747 8.345 18
-2.048 2.083 8.525 19
-1.95 2.197 8.808 23
-1.446 1.913 8.907 17
-1.053 1.819 9.297 20
-0.7 2.008 9.745 21
-0.143 1.942 9.238 39
-0.385 2.124 8.516 20
-0.646 2.486 8.04 20
-0.748 2.769 7.88 20
-0.716 2.872 7.864 20
-0.597 2.88 7.949 20
-0.576 3.033 8.286 21
-0.574 3.153 8.394 19
-0.534 3.148 8.574 21
-0.451 3.228 8.683 19
-0.514 3.335 9.075 20
-0.376 3.3 9.491 20
-0.148 3.251 9.891 23
-0.124 3.19 10.253 18
-0.027 3.078 10.745 19
0.063 3.008 11.248 20
0.302 2.828 11.629 20
0.325 2.809 11.576 20
0.437 2.595 11.94 21
0.817 2.726 12.278 19
0.837 2.769 12.093 20
0.825 2.611 11.452 20
0.349 2.502 10.275 22
0.524 2.089 10.106 19
0.633 1.724 10.062 19
0.432 1.593 9.73 21
0.35 1.571 9.413 19
0.356 1.654 8.971 20
0.267 1.783 8.666 21
0.244 2.223 8.558 19
0.518 2.45 8.846 20
0.674 2.423 8.758 20
0.559 2.187 8.217 23
0.305 2.167 7.356 18
-0.001 2.38 7.183 19
-0.216 2.568 7.05 20
-0.208 2.465 7.097 20
-0.116 2.454 7.278 30
-0.077 2.7 7.715 11
0.007 2.806 7.977 19
0.144 2.787 8.262 20
0.316 2.714 8.834 20
0.449 2.652 9.25 23
0.341 2.577 9.402 18
0.136 2.432 9.251 19
0.077 2.495 9.562 21
-0.043 2.83 10.165 19
0.225 2.821 10.727 20
0.653 2.757 11.28 21
0.817 2.853 11.743 19
0.354 3.009 11.602 20
-0.01 2.969 11.457 21
-0.628 3.124 11.654 21
-0.631 2.735 12.706 19
0.343 1.937 13.648 19
1.674 1.223 12.557 21
1.516 0.702 10.712 19
0.282 1.156 9.201 21
-0.27 1.337 8.553 20
-1.221 1.998 8.376 19
-1.052 2.132 8.551 20
0.531 1.494 10.026 20
0.296 1.574 9.748 23
0.095 1.532 8.933 18
-0.052 1.512 8.61 19
-0.106 1.567 8.278 20
-0.112 1.547 8.137 20
0.184 1.565 8.283 21
0.342 1.856 8.41 20
0.37 2.22 8.316 19
0.335 2.509 8.237 20
0.425 2.624 8.278 20
0.408 2.735 8.429 23
0.481 2.75 8.842 18
0.556 2.701 9.181 19
0.56 2.583 9.378 20
0.31 2.626 9.493 20
0.202 2.55 9.73 20
0.544 2.477 10.181 21
1.038 2.555 10.952 20
1.384 2.811 11.517 19
1.539 3.021 11.332 20
1.28 3.149 10.678 23
1.342 3.137 10.165 18
1.221 3.306 10.619 19
0.32 2.143 10.842 140
1.051 1.774 11.154 23
1.271 1.973 10.775 18
1.262 1.881 9.515 19
1.276 1.853 7.949 20
0.731 2.028 7.337 20
0.373 2.002 7.285 20
1.053 2.234 7.01 21
0.593 2.612 6.732 19
0.301 3.053 6.724 20
0.602 3.264 7.103 20
0.925 3.432 7.601 23
1.078 3.639 7.805 18
1.137 3.678 8.155 23
1.186 3.689 8.63 16
1.306 3.635 9.187 20
1.283 3.424 9.521 20
1.099 3.305 9.659 21
0.943 2.966 10.041 19
1.325 2.599 10.745 20
1.216 2.584 11.545 20
0.802 2.732 12.072 21
0.483 2.76 12.015 19
-0.008 2.943 11.632 23
-0.235 2.917 11.261 17
0.068 2.657 11.594 21
0.847 2.373 12.418 19
1.189 2.098 12.468 21
1.407 1.749 11.32 19
0.565 1.493 9.752 21
-0.367 1.766 8.637 19
-0.985 1.914 7.903 23
-1.05 2.396 7.55 18
-0.498 2.392 8.398 19
0.31 2.448 9.062 20
0.51 2.47 9.136 20
0.76 2.464 9.126 20
0.892 2.36 8.99 21
0.837 2.38 8.307 19
0.565 2.435 8.02 20
1.295 1.918 7.314 20
-1.101 3.858 9.087 23
-1.101 3.858 9.087 18
0.044 4.101 9.342 19
0.784 4.187 8.964 20
0.25 3.956 8.004 20
0.829 2.621 10.209 20
0.445 2.786 8.193 21
-0.495 3.353 8.726 19
-0.634 3.804 8.796 22
-0.913 3.917 8.739 19
-1.231 3.799 8.877 22
-0.608 3.229 9.948 18
0.199 3.023 11.175 19
0.774 3.421 11.917 20
0.882 3.918 11.593 20
1.053 3.968 11.322 20
1.207 3.447 11.329 21
0.966 3.212 10.916 19
0.699 3.312 10.498 20
0.692 3.502 10.063 20
1.189 3.125 9.619 20
1.227 2.593 9.35 20
0.625 2.67 8.96 21
-0.041 2.796 8.804 19
-0.203 2.907 9.078 20
0.529 2.587 9.546 20
0.979 3.03 9.416 20
0.705 3.021 8.77 20
0.32 2.714 8.031 21
0.217 2.733 7.866 19
0.217 2.733 7.866 20
0.282 2.581 7.517 10
0.402 2.611 7.473 10
0.385 2.591 7.508 10
0.326 2.747 7.544 10
0.355 3.029 7.538 10
0.37 3.139 7.261 11
0.317 3.173 7.278 9
0.271 3.295 7.296 10
0.292 3.24 7.206 10
0.354 3.085 7.079 10
0.229 3.095 7.06 10
0.124 2.998 7.37 10
0.004 2.965 7.644 10
0.034 3.172 7.777 10
0.057 3.436 7.86 10
-0.07 3.576 8.223 12
0.008 3.612 8.472 18
0.068 3.624 8.701 10
0.122 3.475 9.022 10
0.504 2.935 9.05 11
-0.022 3.187 9.75 19
-0.055 3.422 10.33 10
0.091 3.735 10.782 11
0.237 3.776 11.035 10
0.416 3.599 11.303 9
0.638 3.427 11.589 10
0.741 3.27 11.79 10
0.609 3.172 12.213 10
0.42 3.182 12.469 10
0.124 3.198 12.573 11
-0.229 3.254 12.62 9
-0.477 3.341 12.627 10
-0.657 3.554 12.442 10
-0.719 3.69 12.287 11
-0.701 3.681 12.463 9
-0.684 3.605 12.888 10
-0.519 3.564 13.239 11
0.229 2.902 13.366 19
0.687 2.401 13.051 10
1.08 1.907 12.642 10
1.178 1.417 11.936 10
0.423 0.963 10.362 22
-0.01 1.301 9.624 9
-0.562 1.493 9.154 9
-0.876 1.698 8.641 10
-1.057 1.998 8.256 10
-1.252 2.275 8.174 10
-1.316 2.56 8.371 10
-1.199 2.777 8.649 10
-1.047 2.748 9.06 10
-0.233 2.178 9.72 21
-0.233 2.178 9.72 9
0.063 1.957 9.269 10
0.091 1.932 8.842 10
0.13 1.936 8.378 10
0.208 1.888 7.988 11
0.171 1.918 7.667 9
-0.049 2.014 7.345 10
-0.257 2.106 7.139 10
-0.423 2.248 6.931 10
-0.45 2.282 6.872 12
-0.565 2.403 6.868 9
-0.705 2.331 6.946 9
-0.761 2.359 7.108 10
-0.826 2.409 7.361 10
-0.741 2.499 7.575 10
-0.625 2.538 7.779 10
-0.5 2.561 7.976 11
-0.411 2.548 8.101 10
-0.343 2.577 8.079 20
-0.283 2.65 8.247 10
-0.219 2.815 8.4 9
-0.193 2.973 8.612 10
-0.182 3.156 8.867 10
-0.062 3.26 9.006 10
-0.051 3.353 9.086 10
-0.098 3.35 9.119 11
-0.21 3.375 9.404 19
-0.301 3.332 9.657 11
-0.281 3.288 10.49 19
-0.289 3.244 10.801 10
-0.053 3.171 11.138 10
0.199 3.107 11.43 10
0.441 3.133 11.989 10
0.655 3.312 12.354 11
0.771 3.288 12.513 9
0.887 3.148 12.527 10
0.94 2.863 12.322 11
0.961 2.82 12.16 9
0.9 2.839 12.051 11
0.682 2.856 11.849 9
0.501 2.785 11.777 10
0.573 2.63 11.896 10
0.689 2.411 11.894 10
0.849 2.162 11.664 10
1.003 1.912 11.256 10
1.059 1.68 10.946 10
1.099 1.569 10.674 11
1.166 1.36 10.4 9
1.082 1.149 10.14 10
0.855 1.185 10.008 10
0.547 1.336 9.972 10
0.389 1.504 9.948 10
0.433 1.613 9.765 10
0.596 1.724 9.601 10
0.686 1.912 9.524 10
0.732 2.087 9.38 10
0.843 2.229 9.334 11
0.857 2.353 9.257 9
0.94 2.314 9.074 10
0.902 2.26 8.837 10
0.789 2.101 8.544 10
0.719 1.968 8.271 10
0.622 1.832 8.079 10
0.469 1.738 7.866 10
0.468 1.615 7.682 10
0.501 1.492 7.561 10
0.498 1.483 7.485 11
0.578 1.446 7.5 9
0.53 1.522 7.364 10
0.455 1.668 7.289 10
0.428 1.813 7.094 10
0.364 1.941 6.928 10
0.358 1.992 6.822 10
0.222 2.335 6.864 20
0.296 2.411 7.082 10
0.314 2.572 7.352 13
0.199 2.779 7.658 7
0.295 2.948 8.046 10
0.558 2.932 8.283 10
0.791 2.891 8.404 10
0.799 2.959 8.515 10
0.761 2.981 8.623 10
0.602 2.981 8.85 10
0.431 2.98 9.129 10
0.359 3.041 9.383 10
0.302 3.051 9.577 11
0.302 3.074 9.758 9
0.304 2.994 9.839 10
0.282 2.96 10.069 10
0.226 2.948 10.409 10
0.298 2.845 10.784 10
0.441 2.814 11.281 10
0.494 2.836 11.82 10
0.516 2.935 12.262 10
0.538 2.987 12.551 10
0.54 2.912 12.634 11
0.449 2.803 12.53 9
0.183 2.731 12.365 10
-0.281 2.769 11.864 20
-0.471 2.845 11.658 10
-0.699 2.732 11.646 10
-1.05 2.471 12.298 13
-1.05 2.471 12.298 7
-0.473 2.133 12.609 10
0.329 1.463 12.887 11
0.881 0.85 12.979 9
1.186 0.57 12.899 10
1.243 0.461 12.705 11
1.084 0.281 12.254 9
0.705 0.132 11.642 10
-0.179 0.253 10.059 10
-0.558 0.421 9.408 10
-0.808 0.579 8.959 10
-0.875 0.901 8.704 10
-0.929 1.526 8.899 21
-0.823 1.695 9.236 9
-0.535 1.653 9.663 10
-0.211 1.555 10.039 10
0.12 1.453 10.184 10
0.314 1.325 10.079 10
0.323 1.27 9.6 10
0.211 1.216 9.054 10
0.038 1.183 8.479 10
-0.137 1.249 8.059 10
-0.216 1.295 7.739 11
-0.292 1.343 7.49 9
-0.368 1.425 7.323 10
-0.445 1.5 7.352 10
-0.383 1.507 7.26 10
-0.341 1.499 7.24 10
-0.387 1.51 7.252 10
-0.443 1.64 7.248 10
-0.457 1.688 7.25 12
-0.425 1.669 7.282 8
-0.447 1.66 7.406 21
-0.513 1.769 7.449 9
-0.376 1.847 7.558 10
-0.237 1.975 7.704 10
-0.155 2.148 7.987 10
-0.198 2.345 8.199 10
-0.125 2.549 8.422 10
0.033 2.629 8.669 10
0.176 2.68 8.834 10
0.234 2.724 8.921 10
0.002 2.966 9.096 20
-0.041 2.998 9.317 10
-0.132 2.978 9.447 11
-0.083 2.901 9.681 9
-0.005 2.765 10.044 10
0.069 2.695 10.472 10
0.174 2.651 11.064 10
0.294 2.591 11.608 11
0.476 2.626 12.184 10
0.586 2.526 12.515 9
0.833 2.451 12.713 11
0.946 2.402 12.948 15
0.978 2.381 13.189 5
0.991 2.391 13.279 9
0.972 2.396 13.14 10
0.81 2.493 12.936 11
0.578 2.561 12.496 9
0.32 2.456 12.078 11
0.142 2.274 11.759 9
0.017 1.998 11.458 10
0.049 1.723 11.26 10
0.166 1.489 11.4 11
0.428 1.378 11.553 9
0.496 1.614 8.982 110
0.593 1.639 8.96 11
0.859 1.67 9.008 9
1.162 1.711 9.235 10
1.257 1.838 9.371 10
1.304 1.913 8.915 10
1.193 1.882 8.647 10
1.016 1.863 8.408 10
0.946 1.78 8.266 10
0.929 1.716 8.123 11
0.916 1.66 8.07 9
0.895 1.674 7.981 10
0.905 1.753 7.884 12
0.781 1.797 7.794 8
0.706 1.906 7.677 10
0.71 1.919 7.458 10
0.702 1.945 7.139 10
0.673 1.936 6.844 10
0.201 2.687 6.785 60
0.199 2.778 7.019 10
0.222 2.903 7.274 10
0.392 2.966 7.593 10
0.499 3.0 7.937 10
0.605 3.042 8.31 10
0.655 3.074 8.635 10
0.706 3.172 8.941 11
0.617 3.218 9.253 9
0.568 3.223 9.485 10
0.566 3.113 9.724 10
0.578 3.027 9.898 10
0.536 2.947 10.104 11
0.494 2.959 10.289 9
0.425 2.968 10.512 10
0.524 2.908 10.829 13
0.586 3.0 10.923 7
0.586 3.0 10.923 11
0.614 3.079 10.994 9
0.41 3.13 11.088 10
0.173 3.161 11.134 11
-0.065 3.2 11.232 10
-0.361 3.337 11.261 20
-0.529 3.277 11.237 9
-0.589 3.124 11.215 10
-0.608 2.907 11.306 10
-0.518 2.639 11.518 10
-0.358 2.406 11.71 10
0.035 2.084 11.189 18
0.035 2.084 11.189 3
0.191 1.791 10.75 9
0.17 1.508 10.429 11
0.022 1.304 10.469 9
-0.146 1.153 10.594 10
-0.192 1.049 10.753 13
-0.164 0.923 10.508 7
-0.184 0.935 10.049 11
-0.41 1.117 9.689 9
-0.586 1.274 9.45 12
-0.676 1.399 9.287 8
-0.684 1.584 9.323 20
-0.664 1.616 9.344 10
-0.713 1.659 9.335 10
-0.722 1.701 9.327 10
-0.652 1.663 9.438 10
-0.469 1.627 9.564 11
-0.279 1.614 9.645 9
-0.211 1.608 9.659 10
-0.148 1.571 9.552 10
-0.089 1.572 9.244 10
-0.106 1.554 8.804 10
-0.208 1.621 8.085 12
-0.208 1.621 8.085 8
-0.31 1.723 7.801 13
-0.31 1.723 7.801 7
-0.371 1.803 7.708 10
-0.37 1.945 7.849 10
-0.305 1.973 8.097 12
-0.122 1.977 8.284 8
0.053 2.023 8.285 10
0.11 2.078 8.303 10
0.022 2.155 8.317 11
0.013 2.282 8.331 10
0.022 2.362 8.274 11
0.022 2.362 8.274 28
0.138 2.551 8.667 20
0.22 2.751 9.117 20
0.408 2.663 9.186 20
0.079 2.7 9.154 20
-0.188 2.645 9.413 20
-0.223 2.543 10.081 20
0.045 2.423 10.686 20
0.298 2.241 11.357 20
0.614 2.145 11.771 20
0.484 2.392 11.599 20
0.656 2.348 11.484 20
0.684 2.654 11.243 20
0.646 2.677 11.273 20
1.009 2.487 11.466 20
1.163 2.197 11.46 20
1.02 1.919 10.607 20
0.929 1.641 9.77 20
0.601 1.623 9.172 20
0.438 1.765 8.798 21
0.667 1.875 8.659 19
1.001 2.036 8.867 20
1.253 2.215 9.345 20
1.438 2.308 9.429 20
1.38 2.224 8.783 20
0.898 2.175 8.032 20
0.699 2.089 7.63 20
0.566 2.086 7.852 20
0.401 2.151 7.871 20
0.349 2.191 7.781 20
0.253 2.444 7.884 20
0.196 2.612 7.911 20
0.443 2.707 8.006 31
0.435 2.75 8.246 24
0.336 2.648 8.511 15
0.391 2.447 8.689 20
0.253 2.542 8.709 20
0.076 2.676 9.116 20
0.447 2.586 9.582 21
0.627 2.668 9.892 19
0.536 2.711 10.25 20
0.565 2.577 10.63 20
0.567 2.529 10.806 20
0.111 2.484 10.827 22
-0.135 2.386 11.09 18
-0.191 2.125 11.215 20
0.137 1.823 12.042 21
0.523 1.694 12.451 19
0.602 1.433 11.972 24
0.56 1.157 10.979 16
0.335 1.156 9.73 20
-0.123 1.287 8.896 21
-0.249 1.534 8.537 19
-0.222 1.792 8.61 21
-0.275 1.989 8.926 19
-0.037 1.933 9.813 30
0.262 1.817 10.12 10
0.445 1.742 10.065 31
0.484 1.5 9.596 19
0.287 1.525 9.17 20
0.096 1.775 8.758 20
0.099 1.895 8.425 20
0.081 1.869 8.532 22
0.34 1.883 8.907 29
0.585 1.856 9.169 19
0.489 1.986 8.86 20
0.495 2.001 8.952 20
0.253 2.069 9.063 20
0.331 1.925 9.317 20
0.32 1.945 9.554 20
0.368 1.99 9.625 21
0.397 2.174 9.766 20
0.317 2.416 9.746 19
0.209 2.532 9.815 20
0.152 2.481 10.327 31
0.253 2.593 10.734 19
0.426 2.416 11.212 21
0.71 2.144 11.536 19
0.853 1.896 11.48 20
1.131 1.652 11.2 20
1.14 1.542 10.585 20
1.026 1.596 9.558 20
0.851 1.683 8.692 20
0.787 2.057 8.532 20
1.058 2.196 8.95 20
1.231 2.47 9.29 20
1.229 2.502 9.214 20
1.095 2.474 9.183 20
0.914 2.383 8.907 20
0.657 2.137 8.57 20
0.601 1.835 8.252 20
0.726 1.89 8.316 31
0.785 2.26 8.278 19
0.735 2.438 8.155 20
0.676 2.319 7.938 20
0.431 2.059 7.793 20
0.404 1.892 7.79 21
0.313 1.844 7.82 19
0.398 1.845 7.989 20
0.562 1.763 8.089 20
0.567 1.927 8.054 21
0.45 2.351 7.592 29
0.317 2.548 7.832 20
0.324 2.547 8.071 20
0.276 2.403 8.322 20
0.196 2.441 8.965 20
-0.176 2.652 9.707 21
-0.595 2.834 10.227 19
-0.665 2.911 10.617 20
0.324 3.368 11.869 30
0.214 3.724 12.042 20
-0.005 3.69 12.015 20
-0.407 3.489 12.354 20
-0.052 2.968 12.443 20
0.033 2.686 12.533 20
0.271 2.409 12.279 20
0.847 1.986 11.32 20
0.62 1.965 10.43 21
0.258 2.167 9.408 19
0.3 2.171 8.696 20
0.276 2.183 8.079 20
0.25 2.032 7.504 20
-0.04 1.882 7.015 20
-0.199 1.995 7.143 20
-0.403 2.098 7.237 20
-0.383 2.24 7.431 20
-0.341 2.423 7.478 20
-0.178 2.454 7.702 20
-0.252 2.657 7.781 21
-0.332 2.719 8.317 19
-0.031 2.412 9.067 21
0.143 2.156 9.293 19
0.131 2.238 9.093 20
0.044 2.615 8.938 20
-0.366 2.9 8.84 20
-0.437 2.874 9.698 21
0.138 2.755 11.188 19
0.752 3.273 12.172 20
0.465 2.827 11.42 20
0.239 2.926 11.067 20
-0.167 3.188 11.133 20
0.384 2.845 11.839 20
0.932 2.402 12.461 20
0.991 2.385 12.094 20
0.729 2.535 10.946 30
0.342 2.834 10.153 21
0.252 3.159 9.78 19
0.444 3.271 9.692 20
0.626 3.062 9.184 20
0.65 2.901 8.539 20
0.734 2.73 7.762 21
0.531 2.78 7.291 19
0.469 2.733 7.047 20
0.761 2.569 6.828 20
0.905 2.351 6.803 20
0.835 2.366 7.053 21
0.947 2.572 7.191 20
0.941 2.761 7.049 19
0.764 2.935 6.752 20
0.68 2.895 6.98 20
0.941 2.79 7.862 21
1.131 2.887 8.588 20
0.819 3.214 8.572 19
0.164 3.591 9.013 20
0.027 3.62 9.861 30
0.004 3.645 11.048 20
0.022 4.034 12.341 20
0.676 3.968 13.313 20
1.232 4.015 13.949 20
0.905 4.035 13.942 20
0.507 3.671 12.604 20
0.076 3.427 11.312 20
-0.082 3.353 11.949 23
0.36 3.057 12.237 17
0.542 2.665 11.754 20
0.24 2.561 10.181 20
-0.119 2.548 8.517 20
-0.296 2.518 7.531 20
-0.444 2.581 7.374 20
-0.093 2.375 7.738 20
0.159 2.042 8.368 20
0.277 1.88 8.226 20
-0.01 1.887 8.024 20
-0.116 2.101 7.591 20
0.057 2.277 7.508 20
0.156 2.489 7.599 20
0.195 2.689 7.665 20
0.143 2.763 7.82 20
0.229 2.723 7.849 20
0.101 2.696 7.87 20
-0.016 2.696 7.692 20
-0.068 2.632 7.686 20
0.13 2.547 7.739 20
0.032 2.899 8.308 20
-0.007 2.943 8.88 20
1.065 3.006 12.027 30
1.526 3.295 12.958 20
1.627 3.295 12.563 30
0.88 2.957 11.281 31
0.416 3.03 11.179 19
0.504 2.975 11.623 21
0.923 2.709 12.022 19
1.173 2.682 11.712 20
1.017 3.144 11.02 22
0.857 3.554 10.523 18
0.947 3.651 10.515 20
1.026 3.415 10.508 20
0.934 3.008 10.184 20
1.017 2.559 9.392 22
1.05 2.5 8.541 18
0.859 2.629 8.025 20
0.922 2.551 7.86 20
1.065 2.417 7.705 20
0.947 2.369 7.163 30
0.947 2.369 7.163 10
0.734 2.445 7.214 21
0.605 2.58 7.306 19
0.639 2.493 7.601 20
0.736 2.326 7.913 20
0.688 2.532 7.838 20
0.808 2.621 7.707 20
0.865 2.785 7.622 20
0.722 2.986 7.765 20
0.524 3.076 8.078 20
0.464 3.239 8.805 20
0.223 3.311 9.152 20
-0.384 3.566 10.2 20
-0.434 3.836 11.984 20
0.132 3.531 12.3 20
0.553 3.446 12.815 20
0.532 3.658 12.855 20
0.349 3.642 12.244 20
-0.102 3.379 11.462 22
-0.591 3.294 11.087 18
-0.558 3.21 11.124 20
-0.216 3.216 11.613 20
0.149 3.205 11.542 20
0.435 3.202 10.54 22
0.201 3.078 9.014 18
0.022 3.021 7.873 20
-0.029 2.936 7.529 20
0.056 2.784 7.426 20
0.173 2.583 7.62 22
0.268 2.326 7.91 18
0.191 2.002 8.199 20
0.087 1.887 8.087 20
-0.026 1.962 7.843 20
0.028 2.244 7.741 21
-0.125 2.56 7.522 19
-0.312 2.584 7.3 20
-0.182 2.448 7.716 21
0.092 2.494 8.235 20
0.287 2.628 8.341 19
0.41 2.789 8.315 20
0.216 2.84 8.125 20
0.156 2.784 7.971 20
-0.507 3.176 8.07 30
0.99 3.554 11.036 230
0.835 3.652 10.732 10
0.75 3.705 10.485 10
1.002 3.488 10.306 31
1.211 3.137 10.397 19
1.346 2.881 10.051 10
1.38 2.701 9.657 10
1.304 2.55 9.262 10
1.196 2.548 8.766 10
0.984 2.603 8.27 10
0.878 2.636 7.416 10
0.81 2.623 7.098 10
0.795 2.614 6.85 10
0.783 2.609 6.725 10
0.838 2.597 6.771 10
0.886 2.586 6.856 10
1.002 2.579 6.868 13
1.049 2.537 6.797 7
0.975 2.568 6.735 10
0.914 2.603 6.633 11
0.759 2.633 6.55 10
0.632 2.572 6.561 9
0.576 2.496 6.607 10
0.465 2.447 6.74 10
0.409 2.368 6.744 10
0.35 2.259 6.805 10
0.306 2.151 7.103 10
0.391 2.096 7.308 10
0.498 2.151 7.52 11
0.577 2.223 7.683 9
0.771 2.293 7.858 10
0.961 2.387 7.895 10
0.983 2.56 8.049 10
0.954 2.749 8.013 14
0.899 2.897 8.093 6
0.855 3.082 8.066 10
0.793 3.309 8.056 10
0.528 3.58 8.076 10
0.144 3.881 8.296 12
-0.239 4.071 8.643 8
-0.42 4.078 9.103 10
-0.664 3.984 9.638 10
-0.719 3.997 10.467 10
-0.894 4.226 11.488 11
-0.766 4.396 12.346 9
0.463 4.069 14.031 11
1.028 3.815 14.609 9
1.547 3.567 14.861 10
1.858 3.317 14.782 10
1.866 3.127 14.325 10
1.419 3.115 13.519 11
0.895 3.252 12.463 9
0.349 3.4 11.412 10
-0.143 3.578 10.572 10
-0.577 3.671 9.94 10
-0.896 3.824 9.576 10
-1.157 4.07 9.422 11
-1.264 4.162 9.57 9
-0.998 4.173 10.189 12
-0.593 4.023 10.771 8
-0.209 3.814 11.103 10
0.075 3.564 11.272 10
0.253 3.333 11.171 10
0.359 3.04 10.827 10
0.29 2.8 10.375 10
0.201 2.711 9.897 10
0.047 2.578 8.481 20
-0.102 2.518 8.042 12
-0.201 2.52 7.867 8
-0.229 2.549 7.64 10
-0.17 2.566 7.529 10
-0.033 2.565 7.666 20
0.095 2.545 7.678 10
0.141 2.444 7.556 10
-0.032 2.348 7.667 10
-0.233 2.355 7.762 10
-0.384 2.282 7.654 12
-0.384 2.282 7.654 8
-0.435 2.262 7.672 10
-0.517 2.307 7.939 20
-0.477 2.373 8.006 10
-0.513 2.339 7.973 10
-0.579 2.313 7.945 10
-0.662 2.329 8.038 10
-0.565 2.274 8.026 10
-0.476 2.272 8.101 11
-0.352 2.307 8.164 9
-0.277 2.366 8.277 10
-0.262 2.502 8.285 10
-0.15 2.579 8.359 10
0.027 2.622 8.317 10
0.007 2.603 8.242 10
-0.013 2.664 8.2 10
0.027 2.616 7.953 20
0.049 2.738 7.946 11
-0.007 2.988 8.14 9
-0.246 3.32 8.432 10
-0.377 3.531 8.729 11
-0.33 3.538 9.202 9
-0.149 3.539 9.861 10
0.05 3.553 10.935 10
0.201 3.677 12.193 10
0.35 3.816 13.111 10
0.596 3.773 13.54 10
0.799 3.779 13.893 11
1.099 3.75 14.032 9
1.33 3.585 13.976 10
1.49 3.248 13.414 11
1.214 2.909 12.761 9
0.772 2.969 12.135 10
0.348 3.051 11.367 11
0.052 3.185 10.781 9
-0.207 3.345 10.39 10
-0.287 3.538 10.232 10
0.19 3.541 10.758 13
0.19 3.541 10.758 7
0.87 3.218 11.035 10
0.989 3.191 10.814 10
0.953 3.171 10.481 10
0.798 3.285 10.063 10
0.581 3.444 9.642 10
0.428 3.518 9.378 10
0.341 3.487 9.287 10
0.24 3.459 9.314 10
0.256 3.35 9.444 11
0.318 3.172 9.619 10
0.518 3.006 9.78 9
0.659 2.856 9.821 10
0.769 2.72 9.752 10
0.918 2.634 9.502 14
1.118 2.521 9.053 6
1.186 2.42 8.593 10
1.052 2.519 8.137 11
0.687 2.817 7.37 21
0.617 2.846 7.005 8
0.638 2.882 6.725 11
0.647 2.899 6.532 9
0.602 2.931 6.479 10
0.621 2.936 6.462 10
0.601 2.906 6.46 10
0.552 2.844 6.607 10
0.638 2.815 6.714 10
0.632 2.639 6.838 20
0.483 2.603 6.83 10
0.335 2.487 6.924 10
0.307 2.383 7.094 10
0.288 2.377 7.237 10
0.393 2.359 7.471 10
0.502 2.314 7.674 10
0.598 2.344 7.794 10
0.707 2.381 8.036 10
0.902 2.468 8.144 12
0.902 2.64 8.268 8
0.846 2.83 8.486 10
0.729 3.1 8.678 10
0.627 3.332 8.781 10
0.411 3.614 8.669 10
0.1 3.851 8.684 10
-0.226 3.988 8.847 10
-0.457 4.054 9.266 10
-0.616 4.016 9.884 10
-0.508 4.023 10.708 12
-0.285 3.982 11.441 8
-0.088 3.979 12.121 10
0.244 3.985 12.761 10
0.525 3.921 13.255 10
0.834 3.739 13.741 10
0.981 3.73 14.194 10
1.043 3.77 14.131 10
0.847 3.918 13.317 23
0.482 3.943 12.808 7
0.246 3.903 12.215 10
0.057 3.782 11.716 10
-0.102 3.742 11.256 10
-0.204 3.693 10.989 10
-0.255 3.639 10.805 10
-0.203 3.574 10.785 20
-0.029 3.465 10.819 10
0.132 3.372 10.771 11
0.31 3.279 10.533 9
0.37 3.251 10.291 10
0.401 3.256 9.917 10
0.414 3.309 9.457 10
0.429 3.387 9.067 10
0.445 3.368 8.56 10
0.458 3.264 8.182 10
0.198 3.045 7.843 10
0.116 2.925 7.768 10
0.086 2.868 7.74 15
0.063 2.827 7.818 13
0.059 2.846 7.911 2
0.04 2.827 7.964 10
0.052 2.844 7.903 10
-0.105 2.912 7.65 20
-0.373 2.991 7.346 20
-0.523 2.991 7.223 10
-0.584 3.015 7.219 11
-0.605 3.039 7.394 10
-0.302 2.93 7.933 19
-0.214 2.955 8.137 10
-0.112 2.953 8.371 10
-0.047 2.973 8.507 10
-0.051 2.961 8.424 10
-0.067 2.939 8.386 10
-0.148 2.991 8.261 10
-0.24 3.045 8.044 28
-0.24 3.045 8.044 2
-0.201 2.99 7.921 10
-0.196 2.936 7.891 10
-0.074 2.845 7.934 11
0.019 2.747 7.885 9
0.152 2.647 7.812 10
0.193 2.641 7.828 10
0.211 2.731 7.813 10
0.281 2.847 7.658 10
0.245 2.926 7.529 11
0.026 3.155 7.555 9
-0.271 3.428 7.698 10
-0.5 3.588 8.14 10
-0.179 3.415 10.768 20
0.234 3.307 12.008 10
0.785 3.054 12.893 10
1.256 2.909 13.621 10
1.525 2.857 14.043 10
1.58 2.766 14.077 10
1.378 2.671 13.694 10
1.078 2.591 12.857 10
0.815 2.559 11.981 10
0.513 2.599 11.088 10
0.065 2.653 10.441 10
-0.434 2.979 10.334 10
-0.863 3.297 10.462 10
-0.912 3.405 10.522 11
-0.091 3.077 11.306 19
0.411 2.69 11.862 10
0.869 2.529 12.399 10
1.1 2.555 12.769 10
1.296 2.476 12.843 11
1.532 2.372 12.527 9
1.753 2.335 12.088 11
1.751 2.429 11.601 9
1.602 2.617 11.164 11
1.366 2.805 10.666 9
1.117 2.913 10.219 10
0.928 2.965 9.861 10
0.821 2.977 9.413 10
0.858 2.981 8.989 10
0.821 2.961 8.801 10
0.816 2.978 8.599 10
0.869 2.938 8.37 10
0.887 2.877 8.143 10
0.917 2.803 7.79 11
0.917 2.803 7.79 9
0.883 2.851 7.729 10
0.913 2.799 7.526 10
0.904 2.756 7.461 10
0.916 2.696 7.437 11
0.932 2.495 7.308 19
0.904 2.38 7.248 10
0.881 2.336 7.17 10
0.931 2.212 7.017 11
0.84 2.215 6.983 9
0.696 2.282 6.871 10
0.615 2.33 6.799 10
0.439 2.345 6.822 20
0.308 2.402 6.874 10
0.253 2.38 6.951 10
0.132 2.314 7.17 10
0.119 2.327 7.568 10
0.295 2.276 7.995 11
0.417 2.228 8.329 10
0.495 2.167 8.726 9
0.64 2.03 8.881 21
0.69 2.092 8.879 10
0.549 2.262 8.923 9
0.276 2.586 9.071 10
-0.002 2.863 9.188 10
-0.257 2.965 9.204 10
-0.463 3.058 9.392 13
-0.534 3.042 9.671 7
-0.3 3.053 11.166 16
-0.3 3.053 11.166 4
0.859 3.549 14.007 22
0.859 3.549 14.007 9
1.149 3.578 14.378 9
1.314 3.335 14.463 20
0.75 3.085 13.081 10
0.349 3.114 12.163 11
-0.122 3.182 11.512 12
-0.519 3.275 11.057 8
-0.681 3.25 10.821 9
-0.522 3.2 10.756 10
-0.207 3.115 11.099 10
0.081 3.12 11.532 10
0.318 3.109 12.001 10
0.572 3.088 12.275 10
0.968 2.9 12.014 20
0.914 2.604 10.678 20
0.706 2.572 9.813 13
0.271 2.494 8.284 17
0.116 2.416 7.903 10
0.116 2.416 7.903 30
0.027 2.198 7.776 20
0.371 2.15 7.994 20
0.185 2.3 7.874 20
-0.019 2.393 7.927 20
-0.192 2.308 7.694 20
-0.341 2.266 7.635 20
-0.146 2.081 7.861 20
-0.093 2.245 7.984 20
-0.007 2.687 8.334 27
0.095 2.675 8.691 14
0.129 2.525 8.559 19
0.022 2.466 8.173 20
-0.068 2.489 7.88 20
-0.057 2.684 7.799 21
0.083 2.981 8.208 19
0.161 3.234 8.493 21
-0.086 3.553 8.711 19
-0.268 3.742 9.184 21
-0.038 3.871 10.583 19
0.475 3.89 12.039 20
1.062 3.778 12.849 20
1.155 3.817 12.414 20
0.393 3.501 11.532 20
-0.001 3.289 10.876 20
-0.348 3.312 10.868 20
0.207 3.033 11.145 20
0.795 2.664 11.59 20
0.856 2.635 11.221 20
0.433 3.171 9.826 30
0.396 3.558 9.94 20
0.773 3.306 9.984 30
1.021 3.112 9.63 20
1.011 3.026 8.993 20
0.732 3.012 7.963 20
0.658 3.064 7.135 20
0.548 3.091 6.81 20
0.522 3.208 6.786 20
0.719 3.138 6.777 20
0.622 3.115 7.029 20
0.584 2.95 7.288 20
0.349 2.902 7.556 20
0.415 3.03 7.92 20
0.579 2.966 8.07 20
0.676 2.925 8.167 21
0.738 3.006 8.291 19
0.868 3.676 9.104 20
0.855 4.077 9.81 30
0.261 4.162 10.314 20
-0.061 3.942 11.524 20
0.091 4.04 12.269 20
0.295 4.398 12.601 20
0.753 4.131 12.672 20
0.92 4.261 12.82 23
0.615 4.433 12.401 17
0.201 4.18 11.4 21
-0.108 3.808 10.608 19
-0.161 3.683 10.505 20
0.11 3.467 10.942 20
0.514 3.175 11.296 20
0.781 2.757 10.902 20
0.633 2.569 9.435 20
0.189 2.494 7.898 20
-0.02 2.506 6.983 20
0.282 2.842 7.37 20
0.159 2.8 7.328 20
-0.126 2.895 7.563 20
-0.274 3.065 7.539 20
-0.445 3.356 7.491 20
-0.153 3.638 8.144 30
0.114 3.723 8.57 20
0.138 3.778 9.309 20
0.249 3.875 9.927 20
0.452 3.796 10.405 20
0.536 3.602 10.358 20
0.35 3.532 10.55 20
0.555 3.338 10.679 20
0.81 3.136 11.156 21
1.027 3.163 11.533 29
1.027 3.163 11.533 10
0.744 3.032 11.296 20
0.307 2.573 11.394 20
0.87 2.207 11.844 20
1.648 1.92 12.575 20
1.968 1.815 11.766 21
1.478 1.75 10.124 19
0.831 1.931 8.963 20
0.641 2.186 8.223 20
0.968 2.36 8.145 20
1.405 2.292 8.492 20
1.638 2.361 8.915 20
1.765 2.464 8.871 20
1.659 2.58 8.708 20
1.323 2.404 7.962 20
0.942 2.342 7.589 20
0.902 2.362 7.753 20
1.083 2.374 8.07 20
1.191 2.406 8.19 20
1.155 2.518 8.231 20
1.196 2.664 8.383 20
1.423 2.692 8.176 20
1.387 2.88 8.03 20
1.408 2.902 8.117 20
1.556 2.951 8.382 20
1.462 3.151 8.675 20
1.463 3.137 8.686 21
1.45 3.2 8.933 19
1.384 3.239 9.114 20
1.451 3.194 9.431 20
1.578 3.312 9.83 20
1.35 3.283 10.017 20
1.1 3.202 9.952 20
0.956 2.99 10.22 20
0.781 2.985 11.312 20
1.022 2.519 11.987 20
1.047 1.83 12.266 21
0.905 1.495 12.226 19
0.552 1.197 11.596 20
0.354 1.053 9.77 20
0.225 1.452 9.299 20
0.143 1.871 9.285 20
0.105 2.344 9.41 20
0.134 2.458 9.711 20
0.595 2.235 9.998 20
1.034 2.112 10.34 20
1.128 2.262 10.23 21
1.3 2.035 9.759 19
1.14 1.955 9.38 20
0.937 1.965 9.243 20
0.989 1.987 9.216 20
1.387 1.825 9.163 20
1.516 1.919 8.756 20
1.397 2.184 8.016 20
1.113 2.39 7.345 20
0.917 2.611 7.175 20
0.549 2.721 7.352 20
0.464 2.596 7.719 20
0.664 2.465 8.22 20
0.704 2.385 8.442 20
0.81 2.39 8.271 20
0.827 2.568 8.258 20
0.895 2.714 8.013 20
0.671 3.02 7.422 30
0.956 3.162 7.531 20
1.191 3.287 7.756 20
1.275 3.415 8.672 20
1.445 3.844 9.251 20
0.817 4.254 9.898 20
0.667 4.53 11.001 21
1.235 4.417 11.551 19
1.723 4.461 11.936 20
1.711 4.21 11.588 20
1.464 3.429 11.142 20
1.414 2.883 10.588 20
1.063 2.759 10.02 20
0.835 2.95 9.345 20
0.698 3.372 9.111 20
0.637 3.857 8.933 20
0.769 4.053 9.065 20
1.117 4.088 9.418 20
1.399 3.842 9.402 20
1.294 3.62 8.681 20
1.087 3.306 7.945 20
0.918 3.091 7.425 20
1.071 2.89 7.446 20
1.235 2.745 7.357 20
1.144 2.507 6.941 21
0.941 2.353 6.468 19
0.701 2.201 6.064 20
0.282 2.366 6.531 20
0.202 2.245 6.797 20
0.328 2.252 6.969 21
0.705 1.942 7.683 19
0.954 2.136 8.307 30
0.516 2.864 8.6 20
-0.001 3.459 9.332 20
-0.193 3.83 11.371 20
0.067 4.057 13.513 20
0.935 3.845 15.444 20
2.046 3.758 16.694 20
2.458 3.519 15.568 20
1.336 3.582 13.051 20
0.632 3.664 10.328 20
0.075 3.888 9.429 20
-0.779 4.506 9.672 20
-0.228 4.338 10.332 20
0.702 3.481 10.733 20
0.644 2.391 9.576 30
0.148 2.292 8.208 20
-0.085 2.112 7.508 20
-0.232 2.112 7.479 20
0.116 2.075 7.903 20
0.483 2.016 8.338 20
0.617 1.927 8.113 20
0.255 1.989 7.459 20
-0.191 2.153 6.688 20
-0.401 2.406 6.186 20
-0.62 2.562 7.194 20
0.087 2.515 8.01 20
0.67 2.337 8.61 20
0.9 2.204 9.004 20
1.128 2.205 9.133 20
1.256 2.784 9.141 20
0.992 3.264 9.194 20
0.855 3.566 10.086 20
1.251 4.028 12.055 20
1.489 4.669 13.101 20
1.832 4.449 13.103 20
1.136 3.705 12.796 20
0.516 3.49 11.567 21
0.516 3.49 11.567 29
0.199 3.12 10.182 10
0.208 3.112 10.103 10
0.302 3.105 10.015 10
0.372 2.988 9.964 10
0.405 3.033 10.13 10
0.587 3.144 10.283 10
0.772 3.215 10.323 10
0.887 3.239 10.105 10
0.973 3.235 9.966 10
1.064 3.107 9.838 10
1.228 2.969 9.546 10
1.346 2.83 9.162 10
1.317 2.713 8.776 10
1.16 2.695 8.392 10
1.057 2.751 8.144 10
0.986 2.729 7.923 10
0.918 2.798 7.866 10
0.92 2.796 7.81 10
0.989 2.708 7.728 11
1.081 2.524 7.504 9
1.269 2.379 7.129 10
1.215 2.421 6.847 10
1.317 2.396 6.522 10
1.25 2.357 6.278 10
1.19 2.448 6.086 10
1.1 2.565 6.134 11
0.969 2.562 6.195 9
0.889 2.689 6.434 10
0.868 2.721 6.634 10
0.726 2.432 6.69 20
0.53 2.385 6.945 10
0.479 2.357 7.343 10
0.69 2.336 7.648 10
0.936 2.363 7.844 10
0.949 2.453 8.267 10
0.935 2.585 8.702 10
0.996 2.676 9.066 10
1.083 2.799 9.386 10
1.179 2.967 9.528 10
1.131 3.199 9.666 10
0.907 3.519 9.535 10
0.459 3.752 9.346 10
0.023 3.896 9.557 10
-0.24 4.026 10.042 10
0.735 2.555 8.606 243
0.659 2.595 8.133 7
0.53 2.696 7.787 10
0.37 2.874 7.516 10
0.296 2.937 7.255 10
0.213 2.921 7.131 10
0.044 2.957 7.296 10
0.064 2.975 7.502 11
0.146 2.888 7.765 9
0.241 2.736 7.902 10
0.337 2.665 7.899 10
0.382 2.567 7.792 10
0.33 2.632 7.847 10
0.308 2.721 7.859 10
0.308 2.797 7.814 10
0.281 2.838 7.565 10
0.171 2.877 7.333 10
0.007 2.932 7.333 10
-0.114 3.01 7.274 10
-0.178 3.069 7.25 10
-0.251 3.103 7.373 11
-0.193 3.184 7.752 9
-0.107 3.266 8.076 10
0.207 3.228 8.543 10
0.571 3.15 8.929 10
0.823 3.246 9.443 10
0.833 3.281 9.345 10
0.808 3.229 9.19 10
0.838 3.186 9.175 10
0.888 3.23 8.951 10
0.929 3.165 8.751 10
0.831 3.276 8.697 10
0.528 3.575 8.628 10
0.283 3.695 8.364 10
0.019 3.81 8.28 10
-0.129 3.931 8.365 10
-0.219 4.016 8.837 10
-0.062 4.14 9.489 10
0.295 4.228 10.097 10
0.566 4.236 10.878 10
0.847 4.311 11.462 10
0.967 4.38 11.9 10
1.074 4.334 12.05 10
1.077 4.106 11.939 10
0.887 3.764 11.581 10
0.614 3.574 11.19 10
-0.008 3.514 10.711 20
-0.252 3.592 10.687 10
-0.223 3.511 10.53 10
-0.04 3.348 10.572 10
0.16 3.244 10.714 10
0.438 3.169 10.928 10
0.593 3.121 11.16 10
0.758 3.121 11.326 10
0.871 3.12 11.211 10
0.866 3.126 11.012 10
0.851 3.214 10.632 10
0.814 3.269 10.071 10
0.774 3.344 9.598 10
0.748 3.467 9.105 10
0.744 3.497 8.284 10
0.804 3.451 7.998 10
0.991 3.36 7.758 20
1.094 3.241 7.919 10
1.195 3.133 8.144 10
1.293 2.992 8.411 10
1.409 2.918 8.6 10
1.593 2.759 8.663 10
1.682 2.569 8.535 10
1.539 2.524 8.309 10
1.369 2.5 7.939 10
1.256 2.508 7.659 10
1.187 2.536 7.229 10
1.112 2.569 6.913 10
0.965 2.62 6.624 10
0.82 2.665 6.453 10
0.605 2.664 6.292 10
0.385 2.75 6.198 10
0.141 2.766 6.115 10
-0.114 2.695 6.23 10
-0.199 2.567 6.539 10
-0.077 2.393 6.868 10
0.071 2.183 7.349 10
0.276 2.1 7.975 10
0.567 2.001 8.503 10
0.791 2.008 8.966 10
1.038 2.11 9.383 10
1.223 2.187 9.764 10
1.223 2.53 9.956 20
1.043 2.683 9.783 10
0.701 2.87 9.586 10
0.302 3.153 9.571 10
0.025 3.353 9.783 11
-0.523 3.544 10.801 10
-0.523 3.544 10.801 9
0.093 3.405 12.673 10
0.52 3.306 13.619 10
1.037 3.287 14.555 11
1.469 3.223 15.013 9
1.708 3.069 15.092 10
1.771 2.938 14.844 10
1.567 2.877 14.343 10
1.181 2.868 13.606 10
0.719 3.004 12.65 10
0.324 3.112 11.77 10
-0.008 3.188 11.141 11
-0.128 3.279 10.802 9
-0.102 3.327 10.729 10
0.002 3.331 10.74 10
0.118 3.32 11.018 10
0.336 3.251 11.464 23
0.404 3.141 11.436 7
0.42 2.972 11.202 10
0.387 2.804 10.781 10
0.328 2.717 10.186 10
0.168 2.688 9.487 10
0.051 2.692 8.875 10
-0.014 2.668 8.305 10
0.0 2.653 7.911 10
-0.154 2.605 7.721 10
-0.249 2.641 7.595 10
-0.325 2.651 7.513 10
-0.27 2.614 7.525 10
-0.136 2.577 7.671 10
0.05 2.541 7.745 10
0.104 2.628 7.733 10
-0.02 2.735 7.597 10
-0.184 2.791 7.426 10
-0.263 2.806 7.24 10
-0.344 2.85 7.038 10
-0.629 2.905 7.096 13
-0.57 2.943 7.207 7
-0.495 2.915 7.34 10
-0.486 2.9 7.595 10
-0.532 2.965 7.785 10
-0.318 2.829 8.052 20
-0.119 2.803 8.14 10
-0.011 2.877 8.249 10
0.04 3.016 8.347 10
0.026 3.307 8.338 20
0.086 3.398 8.325 10
0.128 3.463 8.376 10
0.172 3.404 8.128 20
0.051 3.375 8.04 10
-0.062 3.345 7.955 10
-0.083 3.209 8.008 10
-0.1 3.293 8.254 10
-0.219 3.476 8.479 12
-0.484 3.796 9.043 18
-0.552 3.912 9.656 11
-0.499 4.047 10.505 9
-0.195 4.114 11.423 10
-0.004 4.072 12.243 10
0.256 3.984 12.885 10
0.591 3.768 13.291 10
0.815 3.554 13.431 10
0.887 3.39 13.136 10
0.696 3.257 12.488 10
0.335 2.933 11.817 10
-0.12 2.954 11.268 10
-0.417 3.072 10.68 10
-0.668 3.077 10.077 10
-1.053 3.171 9.653 10
-1.033 3.333 9.837 10
-0.692 3.351 10.291 10
-0.105 3.222 10.857 10
0.399 3.153 11.345 12
0.677 3.143 11.59 8
0.774 3.084 11.657 10
0.925 2.942 11.341 10
0.919 2.948 10.678 10
0.792 2.921 9.891 10
0.622 2.883 9.089 11
0.47 2.871 8.576 9
0.341 2.947 8.353 10
0.229 3.045 8.212 10
0.216 3.117 8.089 10
0.346 3.12 8.0 13
0.524 3.087 7.876 7
0.668 3.045 7.931 10
0.764 3.057 8.116 10
0.9 3.068 8.223 10
1.148 2.978 8.249 10
1.287 2.87 8.03 10
1.172 2.755 7.933 10
1.047 2.741 7.901 10
0.979 2.803 7.763 13
0.912 2.778 7.376 7
0.819 2.789 6.946 10
0.621 2.87 6.494 10
0.45 2.899 6.308 11
0.289 2.986 6.185 9
0.04 2.974 6.148 10
-0.13 2.878 6.339 10
-0.317 2.744 6.618 11
-0.233 2.544 6.868 9
-0.123 2.38 7.159 10
0.116 2.23 7.568 10
0.542 2.121 8.437 11
0.73 2.224 8.849 9
0.78 2.378 9.135 10
0.778 2.563 9.172 10
0.726 2.686 9.156 10
0.579 2.949 9.224 10
0.429 3.308 9.341 10
0.122 3.687 9.602 10
-0.111 4.038 10.006 10
-0.373 4.222 10.575 11
-0.556 4.289 11.31 9
-0.465 4.339 12.122 10
-0.239 4.302 12.795 10
-0.174 4.199 13.365 10
-0.147 4.162 13.907 11
-0.055 4.12 14.252 10
0.131 3.828 14.428 9
0.42 3.388 14.437 10
0.608 2.993 14.377 10
0.635 2.725 14.154 10
0.518 2.531 13.675 11
0.223 2.555 12.963 9
-0.191 2.723 12.111 10
-0.724 2.953 11.249 10
-1.12 3.148 10.409 10
-1.33 3.091 9.806 11
-1.251 3.026 9.721 9
-0.935 3.056 9.953 10
-0.566 3.151 10.221 10
-0.265 3.227 10.541 10
-0.253 3.284 10.541 10
-0.355 3.034 10.378 11
-0.36 2.815 10.453 9
-0.179 2.614 10.414 10
-0.064 2.543 10.134 10
-0.144 2.563 9.775 10
-0.259 2.662 9.16 10
-0.498 2.811 7.677 10
-0.627 2.853 7.108 10
-0.72 2.859 6.694 10
-0.766 2.937 6.485 11
-0.908 3.015 6.547 9
-1.071 3.137 6.735 10
-0.961 3.233 6.994 10
-0.878 3.19 7.086 10
-0.911 3.191 7.055 11
-1.015 3.171 7.049 9
-1.138 3.174 7.071 10
-1.13 3.187 7.073 10
-1.087 3.211 7.147 10
-1.104 3.314 7.134 10
-1.14 3.384 7.05 10
-1.211 3.422 6.994 10
-1.342 3.459 7.134 10
-1.316 3.402 7.404 10
-1.157 3.29 7.714 10
-1.052 3.234 8.104 10
-1.052 3.234 8.104 30
-0.529 2.991 8.861 20
-0.286 2.85 8.762 20
-0.259 2.812 8.384 20
-0.452 2.93 7.883 20
-0.317 3.3 7.508 20
-1.409 4.567 8.927 10
-1.173 4.472 9.048 10
-0.537 4.328 8.963 10
-0.373 4.284 9.578 10
-0.501 4.41 10.465 10
-0.49 4.513 11.4 10
-0.196 4.586 11.957 10
0.092 4.499 12.149 10
0.343 4.267 12.382 10
0.453 4.314 12.331 10
0.518 4.156 12.341 10
0.395 4.12 12.159 10
0.142 4.057 11.799 10
-0.153 4.054 11.336 10
-0.493 4.133 10.793 10
-0.797 4.245 10.515 10
-1.038 4.263 10.396 10
-1.055 4.21 10.488 10
-0.693 3.992 10.532 10
-0.221 3.677 10.715 10
0.11 3.501 10.967 10
0.317 3.576 11.281 10
0.452 3.685 11.427 10
0.653 3.611 11.526 10
0.958 3.424 11.273 10
0.967 3.33 10.781 10
0.656 3.436 9.99 10
0.111 3.557 8.581 10
0.069 3.488 8.02 10
0.029 3.52 7.798 10
-0.179 3.596 8.064 10
0.102 3.605 8.368 10
0.682 3.481 8.38 10
1.06 3.354 8.746 10
1.1 3.398 8.744 10
1.147 3.338 8.617 11
1.082 3.171 8.508 12
1.008 3.076 8.34 8
0.963 2.994 8.011 9
0.995 2.941 7.67 10
0.991 2.894 7.423 10
0.936 2.869 7.102 10
0.864 2.858 6.788 10
0.723 2.887 6.503 11
0.564 2.984 6.459 10
0.383 3.087 6.373 9
0.355 3.115 6.393 10
0.296 3.154 6.484 10
0.233 3.118 6.617 10
0.111 3.058 6.937 10
0.164 3.106 7.231 10
0.174 3.156 7.649 10
0.192 3.192 8.022 10
0.361 3.182 8.335 10
0.489 3.193 8.734 11
0.605 3.277 9.037 9
0.736 3.368 9.211 10
0.82 3.447 9.465 10
0.833 3.602 9.462 10
0.773 3.738 9.438 10
0.641 3.973 9.444 10
0.496 4.079 9.383 10
0.219 4.355 9.014 10
-0.255 4.398 9.639 10
-0.354 4.337 9.792 10
-0.378 4.4 10.02 10
-0.382 4.38 10.346 10
-0.462 4.441 10.668 10
-0.182 4.352 11.413 10
0.093 4.241 11.818 10
0.359 4.168 12.094 10
0.355 4.052 11.975 20
0.067 4.047 11.497 10
-0.18 3.961 10.94 10
-0.376 3.878 10.54 10
-0.65 3.925 10.456 10
-0.904 4.111 10.668 10
-0.738 4.04 11.024 10
-0.482 3.779 11.463 10
-0.312 3.554 11.88 10
-0.258 3.478 11.987 10
-0.154 3.258 11.771 10
0.01 3.003 11.466 10
0.18 2.846 11.144 10
-0.137 2.943 10.825 10
0.525 2.828 10.23 10
0.429 2.876 9.582 10
0.164 2.967 8.909 10
-0.166 3.034 8.408 10
-0.376 3.07 7.935 10
-0.431 3.145 7.529 20
-0.302 3.048 7.589 10
-0.255 2.997 7.668 10
-0.265 3.029 7.782 10
-0.226 2.974 7.816 10
-0.16 2.918 7.859 10
-0.138 2.961 7.916 10
-0.126 3.078 7.77 10
-0.159 3.083 7.785 10
-0.096 3.074 7.678 10
-0.023 3.042 7.533 10
-0.1 3.099 7.344 10
-0.25 3.077 7.192 10
-0.33 3.041 7.125 10
-0.453 2.972 7.091 10
-0.51 2.943 7.03 10
-0.61 2.851 7.334 10
-0.602 2.851 7.676 10
-0.508 2.721 7.98 10
-0.193 2.52 8.267 10
0.074 2.387 8.479 10
0.29 2.396 8.653 10
0.343 2.725 8.732 20
0.469 2.909 8.631 10
0.475 3.106 8.349 10
0.502 3.264 8.047 10
0.409 3.405 7.904 11
0.277 3.574 7.837 9
0.085 3.788 8.025 10
-0.102 3.958 8.284 10
-0.235 4.099 8.707 10
-0.158 4.088 9.336 11
0.033 4.226 10.207 9
0.167 4.405 11.09 10
0.323 4.624 11.96 10
0.584 4.696 12.678 10
0.944 4.495 13.191 10
1.265 4.346 13.481 10
1.611 4.112 13.495 10
1.534 3.998 13.112 10
1.227 4.045 12.402 10
0.858 4.113 11.699 10
0.057 4.198 10.588 10
-0.504 4.227 10.117 10
-1.058 4.154 9.845 10
-1.365 4.133 9.678 10
-1.456 4.082 9.596 10
-1.114 3.954 9.804 10
-0.346 3.663 10.441 10
0.258 3.544 11.091 10
0.494 3.665 11.332 10
0.716 3.737 11.375 10
0.882 3.7 11.239 10
1.062 3.636 10.844 10
1.028 3.544 10.36 11
0.778 3.484 9.821 10
0.541 3.427 9.277 9
0.392 3.283 8.754 10
0.322 3.169 8.447 10
0.135 3.094 8.267 11
0.144 2.98 8.132 9
0.282 2.8 8.072 10
0.382 2.683 8.007 10
0.61 2.718 8.016 10
0.94 2.714 7.956 10
1.249 2.783 7.877 10
1.393 2.869 7.814 10
1.336 3.044 7.832 10
1.298 3.165 7.66 10
1.209 3.125 7.369 10
1.245 3.064 7.106 10
1.118 3.021 6.884 10
1.113 3.028 6.527 10
0.986 3.068 6.34 10
0.752 3.236 6.261 10
0.645 3.3 6.171 10
0.501 3.291 6.381 10
0.307 3.318 6.486 10
0.088 3.223 7.065 10
0.093 3.045 7.48 10
0.332 2.869 8.123 10
0.657 2.681 8.812 10
0.969 2.574 9.348 10
1.128 2.557 9.716 10
1.233 2.635 9.942 10
1.205 2.696 9.728 10
1.047 2.895 9.627 10
0.415 3.454 9.225 20
0.093 3.67 9.175 10
-0.154 3.805 9.231 10
-0.48 3.89 9.317 10
-0.807 4.253 10.237 20
-0.661 4.463 10.844 10
-0.231 4.502 11.549 10
0.319 4.473 12.354 10
0.791 4.463 13.11 10
1.05 4.443 13.586 10
1.22 4.36 13.806 10
1.191 4.13 13.827 10
1.037 3.92 13.498 10
0.693 3.764 12.994 10
0.306 3.576 12.413 10
0.008 3.433 11.885 10
-0.239 3.101 11.145 20
-0.247 3.039 10.862 10
-0.204 3.035 10.768 10
-0.038 3.156 10.848 10
0.13 3.263 11.001 10
0.173 3.384 10.993 10
0.262 3.426 10.833 10
0.337 3.415 10.53 10
0.401 3.323 10.073 10
0.184 3.306 8.595 21
0.146 3.223 8.177 9
0.096 3.19 7.707 10
0.101 3.113 7.288 10
0.008 3.112 7.181 11
-0.137 3.194 7.035 9
-0.274 3.33 7.026 10
-0.238 3.404 7.109 10
-0.196 3.467 7.236 10
-0.135 3.441 7.313 20
-0.185 3.426 7.338 10
-0.21 3.441 7.297 10
-0.28 3.453 7.22 10
-0.231 3.489 7.211 11
-0.165 3.41 7.248 9
-0.135 3.428 7.155 10
-0.24 3.505 7.15 10
-0.397 3.584 7.268 10
-0.504 3.634 7.391 11
-0.456 3.57 7.504 9
-0.377 3.499 7.685 10
-0.353 3.429 7.769 10
-0.292 3.301 7.965 10
-0.227 3.198 8.135 10
-0.116 3.194 8.244 10
-0.02 3.163 8.339 10
-0.049 3.287 8.287 10
-0.015 3.375 8.17 10
0.05 3.376 8.067 10
0.05 3.42 7.795 10
0.059 3.512 7.834 10
-0.031 3.666 7.925 10
-0.311 3.845 8.012 10
-0.482 4.06 7.988 10
-0.591 4.283 8.617 10
-0.675 4.488 9.354 10
-0.446 4.628 10.071 10
-0.124 4.58 10.956 13
0.217 4.612 11.862 7
0.597 4.433 12.893 20
0.765 4.151 12.949 10
0.821 3.714 12.558 10
0.741 3.561 12.06 10
0.358 3.444 11.412 10
-0.219 3.549 10.826 10
-0.93 3.822 9.946 20
-1.074 3.761 9.757 10
-1.096 3.712 10.059 10
-0.662 3.665 10.696 10
-0.033 3.667 11.323 10
0.435 3.724 11.771 10
0.705 3.712 12.068 10
0.875 3.688 12.036 11
0.934 3.673 11.726 10
0.973 3.574 11.109 9
0.823 3.487 10.241 10
0.635 3.454 9.207 10
0.399 3.414 8.234 10
0.289 3.373 7.643 10
0.271 3.464 7.491 10
0.265 3.623 7.49 10
0.314 3.747 7.786 10
0.656 3.539 8.246 10
1.065 3.335 8.605 11
1.304 3.218 8.699 9
1.397 3.172 8.707 10
1.738 2.984 8.04 20
1.677 2.897 7.417 10
1.542 3.065 7.17 10
1.39 3.25 6.872 10
1.185 3.386 6.731 10
1.058 3.382 6.725 10
0.875 3.414 6.798 10
0.585 3.458 6.916 10
0.534 3.337 7.059 10
0.746 3.106 7.024 10
0.874 2.956 6.879 10
0.843 2.894 6.749 10
0.602 3.057 6.647 10
0.341 3.291 6.455 10
0.162 3.458 6.439 10
0.005 3.602 6.667 10
0.016 3.814 7.171 10
0.312 3.853 7.879 10
0.761 3.745 8.556 10
1.072 3.657 9.275 10
1.134 3.711 9.756 10
1.13 3.745 9.817 10
0.839 3.735 9.917 10
0.584 3.741 10.205 10
0.361 3.775 10.827 10
0.071 3.878 11.675 10
-0.298 4.012 12.679 10
-0.58 4.101 13.408 10
-0.367 3.946 13.832 10
0.279 3.611 14.144 11
0.859 3.33 14.428 9
1.179 3.216 14.444 10
1.228 3.032 14.186 10
1.207 2.965 13.552 10
0.946 3.036 12.596 10
0.737 3.156 11.802 10
0.523 3.348 11.15 10
0.118 3.681 10.668 10
-0.55 3.987 10.117 10
-0.627 3.861 9.976 10
-0.319 3.683 10.037 10
0.354 3.392 10.199 10
0.732 3.303 10.383 10
0.723 3.306 9.689 20
0.534 3.313 9.071 10
0.404 3.263 8.862 10
0.101 3.305 8.953 10
0.041 3.244 8.521 20
0.085 3.137 8.333 10
0.085 3.137 8.333 40
0.039 3.319 6.973 20
-0.213 3.503 6.71 20
-0.079 3.242 6.763 20
0.045 2.982 6.765 20
-0.009 3.209 7.038 20
-0.25 3.308 7.055 20
-0.629 3.197 7.368 20
-0.791 2.993 8.019 20
-0.444 2.708 9.01 20
0.059 1.929 9.68 20
-0.343 1.878 9.328 20
-0.534 1.857 8.705 20
-0.56 1.875 8.675 20
-0.467 2.172 8.892 20
-0.67 2.663 9.459 20
-0.649 2.858 10.747 20
-0.41 2.931 12.096 20
0.07 2.786 12.564 20
-0.205 2.905 12.555 20
-0.781 3.19 11.924 20
-1.384 3.313 11.912 20
-1.399 2.92 11.732 20
-1.15 2.068 11.637 20
-1.146 1.699 12.427 20
-0.658 1.767 12.93 20
0.193 1.702 12.674 20
0.41 1.881 11.891 20
0.124 2.107 11.177 20
0.165 2.185 10.293 20
0.257 2.379 9.582 20
0.821 2.429 8.823 20
1.086 2.59 8.497 20
1.023 2.674 7.87 20
0.813 2.794 7.458 20
0.993 2.677 7.382 20
1.368 2.266 7.314 21
1.539 2.137 7.422 19
1.501 2.424 7.025 20
1.535 2.56 6.932 20
1.334 2.635 6.953 21
1.254 2.632 7.246 19
1.554 2.559 7.349 20
1.262 2.905 7.602 20
1.41 3.018 7.844 20
1.451 3.209 8.016 20
0.73 3.902 8.708 20
0.441 3.889 8.935 20
0.519 3.738 9.411 20
0.288 3.65 10.194 31
0.292 3.83 11.309 19
0.786 4.167 12.485 20
0.967 4.309 12.93 20
0.634 3.841 12.149 20
-0.119 3.564 10.923 20
-0.329 3.351 10.492 20
-0.15 3.362 10.55 20
-0.021 4.083 11.623 20
0.067 4.233 11.388 20
0.223 3.77 11.214 20
0.489 3.353 10.334 20
0.088 3.408 8.523 32
0.36 3.429 8.268 16
0.141 3.602 7.488 13
-0.153 3.677 7.217 19
-0.137 3.67 7.414 20
0.695 3.438 7.241 20
0.548 3.745 6.459 20
-0.49 4.303 6.571 20
-0.188 4.018 7.132 20
0.186 3.964 7.541 20
0.092 4.319 7.071 20
-0.05 4.567 7.011 20
0.101 4.848 7.419 20
0.5 4.878 7.923 20
0.735 4.787 8.259 20
0.816 4.875 7.889 20
0.273 5.254 7.602 23
-0.286 5.2 7.933 17
-0.471 5.006 8.764 20
0.122 5.604 10.982 20
0.415 5.888 12.45 20
0.565 5.267 13.123 20
0.489 4.666 13.327 20
0.106 4.736 12.827 20
0.159 4.36 11.603 31
0.358 4.287 10.911 20
1.06 4.167 10.789 19
1.544 4.079 10.336 20
1.534 4.237 9.419 20
1.221 4.248 8.674 21
1.078 4.047 8.334 19
1.335 3.767 8.59 20
1.451 3.621 8.836 20
1.381 3.639 8.538 20
1.28 3.738 7.879 21
1.311 3.651 7.508 19
1.229 3.863 6.846 20
1.269 3.727 6.8 20
0.989 4.023 7.558 20
1.196 4.02 8.214 20
1.055 4.054 8.52 20
1.113 3.935 8.242 20
0.247 4.785 8.454 30
0.247 4.785 8.454 11
0.118 4.661 9.196 19
0.28 4.241 9.714 20
0.377 4.246 10.382 20
1.027 4.278 10.863 20
0.607 4.459 10.874 21
0.292 4.708 10.631 19
-0.33 4.803 10.541 20
-0.416 4.176 10.453 21
-0.445 3.987 10.387 19
-0.198 4.319 10.357 20
-0.329 4.254 10.184 20
-0.85 3.721 9.893 20
-0.993 3.008 9.569 20
-0.396 2.968 10.271 20
-0.432 3.397 10.134 20
-0.373 3.016 9.051 20
-0.512 2.874 8.426 20
-0.581 2.824 7.87 20
-0.983 2.876 7.943 20
-0.914 3.758 8.547 37
-0.914 3.758 8.547 14
-1.016 3.599 8.556 19
-0.878 3.523 9.189 20
-0.746 3.598 9.665 20
-0.719 3.415 9.515 21
-0.584 3.355 9.542 19
-0.476 3.59 9.37 20
-0.529 3.55 8.869 20
-0.72 3.539 8.824 20
-1.044 3.554 7.911 21
-0.742 3.791 8.766 19
-0.716 4.154 9.159 20
-0.601 4.186 9.411 20
-0.916 4.527 9.274 20
-0.729 4.239 10.142 25
-0.638 3.945 11.005 15
-0.352 3.972 9.656 20
0.458 3.762 8.939 20
0.74 3.954 10.13 20
1.326 3.03 9.219 20
0.232 3.206 8.907 20
0.05 3.568 7.901 22
-0.285 4.069 7.631 18
-0.626 4.675 7.473 20
-1.078 5.21 8.002 20
-0.056 4.673 8.578 20
0.296 4.533 9.335 29
0.125 4.812 9.174 11
-0.159 5.118 9.057 20
-0.037 4.819 8.96 20
-0.092 4.701 8.528 20
0.08 4.475 8.035 20
-0.203 4.604 7.923 20
-0.008 4.803 8.114 20
0.005 4.973 8.234 20
0.241 4.889 8.206 20
0.014 5.15 8.447 20
0.039 5.172 8.721 20
0.427 4.89 9.123 20
0.681 4.793 9.394 20
0.689 4.634 8.965 20
0.101 4.728 8.799 20
0.049 4.575 8.376 20
0.043 4.61 8.395 20
0.24 4.667 8.679 20
0.25 4.598 8.634 21
0.002 4.548 8.526 19
-0.02 4.464 8.307 20
0.004 4.661 8.677 30
-0.095 4.643 8.772 20
0.059 4.683 8.962 30
-0.045 4.727 8.891 20
-0.058 4.7 8.728 20
-0.061 4.629 8.733 20
-0.123 4.669 8.625 20
-0.056 4.543 8.684 20
-0.005 4.606 8.771 20
0.12 4.557 9.054 20
0.192 4.623 8.945 20
0.243 4.598 9.068 20
0.12 4.46 8.816 20
0.099 4.503 8.915 20
0.073 4.479 8.788 20
0.034 4.497 8.535 20
0.126 4.387 8.795 20
0.065 4.211 8.838 20
0.166 4.24 8.993 23
0.082 4.325 9.262 17
0.135 4.431 9.405 20
0.158 4.24 9.241 20
-0.114 4.012 8.907 20
-0.193 3.919 9.279 20
-0.182 4.02 9.577 20
-0.221 4.017 9.442 20
-0.167 3.973 9.165 20
-0.135 4.176 9.145 20
-0.069 4.215 9.066 20
-0.245 4.015 8.614 20
-0.247 3.951 8.661 20
-0.069 3.987 9.007 20
0.004 4.077 9.174 20
0.136 4.041 9.31 20
-0.217 3.956 8.796 20
-0.031 3.913 8.922 20
-0.023 4.047 9.037 20
0.146 4.176 9.181 21
0.052 4.205 8.862 19
-0.105 4.263 8.711 20
-0.205 4.279 8.62 20
-0.17 4.264 8.549 20
-0.246 4.43 8.907 20
-0.038 4.301 9.018 20
-0.052 4.204 8.989 20
-0.129 4.311 9.055 20
0.033 4.157 8.874 20
0.035 4.006 8.895 20
0.098 4.295 8.695 130
-0.138 4.493 9.072 20
0.079 4.374 9.245 20
0.304 4.2 9.176 20
0.15 4.231 9.007 20
0.13 4.32 8.982 20
0.268 4.314 9.065 30
0.244 4.36 9.024 20
0.099 4.4 8.915 20
0.131 4.352 8.83 20
-0.013 4.241 8.72 20
-0.243 4.477 8.738 20
-0.045 4.408 8.902 20
0.154 4.247 9.029 20
0.198 4.075 9.024 20
0.015 4.112 8.913 21
0.055 4.038 8.865 29
0.007 4.124 8.889 20
0.215 4.265 8.99 21
0.214 4.332 8.88 19
0.101 4.478 8.953 20
0.265 4.398 9.079 20
0.258 4.282 9.122 20
0.16 4.217 8.937 20
0.098 4.313 9.055 20
0.183 4.247 8.881 20
0.094 4.278 8.964 21
0.164 4.188 9.138 19
0.247 4.133 9.279 20
0.247 4.133 9.279 20
0.341 3.954 9.036 10
0.671 3.811 9.661 10
0.775 3.878 10.152 10
0.514 3.911 10.381 10
0.347 4.135 10.041 10
0.246 4.229 9.606 10
0.286 4.231 9.348 10
0.476 4.167 9.199 10
0.72 4.01 9.291 10
0.853 3.75 9.51 10
0.58 4.403 8.734 11
-0.544 4.249 6.907 9
-1.571 4.271 6.658 10
-1.577 4.509 7.056 10
-0.674 4.494 7.913 10
0.159 4.501 9.267 10
0.676 4.526 10.255 10
1.11 4.459 10.579 10
1.407 4.275 10.274 10
1.299 4.084 9.793 10
# end
#Mon Jan 05 14:28:49 PST 2015