# Accelerometer Values
# filename:  default__3.txt
# Saving start time: Mon Jan 05 14:30:16 PST 2015

# sensor resolution: 1.0m/s^2
#Sensorvendor: Invensense, name: MPL accel, type: 1,version : 1, range 10240.0

# X value, Y value, Z value, time diff in ms
0.413 2.369 9.605 20
0.34 2.257 9.627 20
0.37 2.161 9.466 20
0.353 2.323 9.475 20
0.407 2.506 9.556 21
0.387 2.525 9.574 20
0.444 2.363 9.655 20
0.338 2.33 9.703 19
0.409 2.292 9.736 20
0.393 2.253 9.663 20
0.484 2.288 9.671 20
0.399 2.271 9.554 20
0.408 2.241 9.523 20
0.419 2.302 9.753 20
0.495 2.18 9.824 20
0.492 2.075 9.856 21
0.516 2.022 9.762 19
0.427 2.101 9.691 30
0.441 2.034 9.72 20
0.414 2.07 9.701 20
0.429 2.072 9.649 20
0.492 2.078 9.709 20
0.487 2.057 9.775 20
0.476 2.039 9.729 20
0.427 2.059 9.689 30
0.468 2.113 9.817 20
0.455 1.993 9.713 30
0.32 2.093 9.427 20
0.338 2.167 9.608 20
0.423 1.985 9.794 20
0.408 1.833 9.922 20
0.387 1.665 9.871 20
0.353 1.726 9.775 20
0.449 2.179 9.663 20
0.58 2.42 9.578 20
0.625 2.447 9.624 20
0.717 2.379 9.775 20
0.604 2.183 9.795 20
0.457 1.984 9.587 20
0.32 1.854 9.569 20
0.353 1.815 9.724 20
0.473 1.856 9.945 20
0.492 1.951 9.627 20
0.429 1.983 9.388 20
0.498 2.013 9.411 20
0.5 2.084 9.51 20
0.53 2.034 9.487 30
0.496 1.992 9.451 20
0.386 1.945 9.283 20
0.324 1.959 9.335 20
0.468 1.9 9.52 20
0.473 1.845 9.629 20
0.502 1.872 9.61 20
0.538 1.804 9.554 20
0.517 1.802 9.502 20
0.496 1.878 9.443 20
0.48 1.954 9.456 20
0.477 2.007 9.499 20
0.47 1.878 9.523 21
0.523 1.883 9.673 19
0.488 1.997 9.769 30
0.513 1.874 9.677 20
0.465 1.916 9.475 20
0.47 1.847 9.503 20
0.495 1.838 9.396 20
0.413 1.868 9.239 20
0.356 1.929 9.274 20
0.437 1.995 9.418 21
0.487 1.943 9.566 29
0.611 1.833 9.496 20
0.475 1.866 9.43 20
0.447 1.989 9.431 20
0.452 1.922 9.308 20
0.457 1.917 9.123 20
0.451 1.916 9.133 20
0.439 1.93 9.18 20
0.496 1.829 9.272 20
0.429 1.889 9.332 20
0.44 1.917 9.226 20
0.475 1.949 9.303 20
0.554 1.936 9.443 20
0.517 1.993 9.478 20
0.463 1.884 9.427 20
0.42 1.871 9.356 20
0.384 1.87 9.329 20
0.449 1.906 9.427 20
0.483 1.856 9.444 20
0.384 1.844 9.345 20
0.402 1.851 9.261 20
0.444 2.009 9.303 20
0.447 1.991 9.346 20
0.484 1.878 9.392 20
0.365 1.881 9.307 20
0.404 1.841 9.231 21
0.403 1.92 9.341 19
0.41 1.936 9.311 20
0.492 1.936 9.272 20
0.5 1.993 9.163 21
0.359 2.087 9.202 19
0.413 2.014 9.245 20
0.426 1.998 9.348 20
0.413 1.957 9.257 20
0.411 1.929 9.341 24
0.337 1.911 9.389 17
0.313 1.984 9.398 19
0.28 2.039 9.289 20
0.252 2.12 9.134 20
0.379 2.068 9.352 20
0.379 2.096 9.498 20
0.362 2.048 9.29 30
0.389 2.074 9.238 20
0.361 2.114 9.277 20
0.334 2.135 9.329 20
0.393 2.13 9.435 20
0.415 2.081 9.25 20
0.299 2.191 9.244 20
0.317 2.198 9.213 20
0.318 2.199 9.329 20
0.446 2.159 9.304 20
0.306 2.155 9.281 20
0.332 2.101 9.107 20
0.282 2.144 9.184 20
0.347 2.171 9.34 20
0.362 2.144 9.396 20
0.325 2.047 9.347 30
0.325 2.047 9.347 10
0.253 2.159 9.38 20
0.349 2.121 9.37 20
0.29 2.216 9.271 21
0.323 2.196 9.309 19
0.348 2.199 9.321 20
0.371 2.169 9.441 20
0.393 2.112 9.411 20
0.371 2.114 9.521 20
0.39 2.178 9.457 20
0.329 2.174 9.429 22
0.318 2.096 9.398 19
0.271 2.142 9.433 19
0.396 2.138 9.517 30
0.419 2.12 9.413 20
0.36 2.222 9.369 20
0.372 2.274 9.453 30
0.346 2.238 9.444 20
0.332 2.221 9.395 20
0.347 2.281 9.587 20
0.401 2.233 9.514 20
0.27 2.24 9.541 20
0.307 2.265 9.621 20
0.324 2.275 9.535 20
0.275 2.315 9.49 21
0.348 2.33 9.492 19
0.359 2.347 9.517 20
0.36 2.314 9.632 20
0.329 2.305 9.588 20
0.275 2.311 9.553 21
0.288 2.332 9.49 19
0.231 2.286 9.508 20
0.31 2.253 9.641 20
0.298 2.304 9.704 20
0.313 2.281 9.691 20
0.311 2.321 9.556 20
0.338 2.329 9.571 20
0.368 2.348 9.653 30
0.347 2.351 9.624 20
0.323 2.306 9.608 21
0.302 2.361 9.607 19
0.353 2.333 9.654 21
0.344 2.305 9.704 29
0.307 2.372 9.623 21
0.3 2.377 9.657 19
0.296 2.351 9.554 20
0.358 2.27 9.677 20
0.359 2.238 9.613 20
0.334 2.274 9.593 20
0.306 2.296 9.583 20
0.361 2.339 9.547 20
0.317 2.338 9.534 20
0.314 2.293 9.68 20
0.347 2.29 9.906 20
0.36 2.221 9.869 30
0.318 2.186 9.642 20
0.267 2.308 9.53 20
0.32 2.368 9.539 22
0.373 2.371 9.638 18
0.401 2.282 9.51 20
0.338 2.315 9.548 20
0.343 2.313 9.692 20
0.347 2.177 9.799 20
0.287 2.266 9.696 20
0.21 2.298 9.62 20
0.312 2.227 9.65 100
0.332 2.305 9.61 20
0.317 2.282 9.657 24
0.289 2.332 9.587 16
0.317 2.276 9.721 20
0.397 2.151 9.765 20
0.316 2.145 9.656 20
0.222 2.241 9.584 22
0.243 2.292 9.619 18
0.305 2.311 9.759 31
0.367 2.25 9.747 19
0.312 2.223 9.78 20
0.335 2.282 9.786 20
0.323 2.301 9.696 20
0.294 2.258 9.624 20
0.289 2.26 9.617 20
0.307 2.251 9.661 20
0.366 2.209 9.777 20
0.336 2.246 9.718 20
0.326 2.216 9.697 20
0.322 2.293 9.639 20
0.289 2.283 9.65 20
0.255 2.244 9.557 20
0.283 2.168 9.617 20
0.246 2.216 9.669 20
0.238 2.205 9.673 20
0.231 2.184 9.589 20
0.27 2.169 9.633 20
0.337 2.204 9.724 20
0.334 2.195 9.663 20
0.368 2.23 9.693 20
0.328 2.232 9.611 21
0.262 2.177 9.528 20
0.258 2.204 9.569 20
0.238 2.254 9.643 19
0.217 2.288 9.782 20
0.341 2.131 9.842 20
0.204 2.177 9.71 20
0.217 2.119 9.783 20
0.288 2.154 9.974 20
0.298 2.196 9.843 20
0.235 2.189 9.662 20
0.209 2.154 9.538 21
0.323 2.191 9.627 19
0.279 2.233 9.608 20
0.31 2.16 9.679 20
0.313 2.102 9.727 20
0.288 2.09 9.734 20
0.282 2.138 9.709 20
0.25 2.211 9.619 20
0.201 2.275 9.701 21
0.35 2.077 9.824 20
0.349 2.106 9.841 19
0.317 2.138 9.69 20
0.232 2.222 9.552 20
0.286 2.259 9.618 20
0.267 2.172 9.617 20
0.307 2.081 9.624 20
0.314 2.069 9.723 23
0.338 2.132 9.734 17
0.263 2.148 9.718 20
0.257 2.193 9.59 20
0.259 2.203 9.63 20
0.312 2.108 9.66 20
0.338 2.075 9.837 20
0.32 2.125 9.854 20
0.295 2.162 9.88 20
0.324 2.137 9.774 20
0.256 2.1 9.684 20
0.262 2.111 9.575 20
0.226 2.137 9.685 20
0.301 2.104 9.651 20
0.257 2.125 9.657 20
0.322 2.112 9.656 20
0.377 2.135 9.701 20
0.314 2.113 9.814 20
0.237 2.15 9.751 20
0.267 2.108 9.746 20
0.275 2.141 9.754 22
0.237 2.135 9.613 19
0.18 2.214 9.616 19
0.268 2.209 9.691 20
0.219 2.201 9.732 20
0.259 2.18 9.729 20
0.237 2.114 9.606 21
0.237 2.148 9.714 19
0.285 2.184 9.641 20
0.232 2.181 9.619 20
0.225 2.251 9.502 20
0.211 2.26 9.486 20
0.271 2.248 9.515 20
0.274 2.271 9.741 21
0.281 2.254 9.777 19
0.241 2.278 9.945 20
0.268 2.281 9.901 20
0.238 2.257 9.777 20
0.199 2.26 9.681 20
0.231 2.22 9.632 20
0.213 2.211 9.674 20
0.222 2.157 9.568 20
0.219 2.184 9.696 20
0.239 2.228 9.687 20
0.249 2.26 9.607 20
0.24 2.277 9.528 20
0.274 2.245 9.605 20
0.313 2.184 9.741 20
0.354 2.178 9.78 20
0.329 2.21 9.778 20
0.226 2.178 9.729 22
0.239 2.203 9.668 18
0.268 2.137 9.641 20
0.279 2.199 9.752 20
0.257 2.269 9.666 20
0.261 2.179 9.576 20
0.279 2.211 9.657 20
0.253 2.234 9.623 20
0.276 2.153 9.614 21
0.255 2.143 9.8 19
0.262 2.07 9.736 21
0.216 2.114 9.734 22
0.253 2.167 9.69 17
0.274 2.28 9.602 20
0.288 2.3 9.542 20
0.33 2.28 9.73 20
0.358 2.264 9.756 20
0.32 2.283 9.698 21
0.292 2.248 9.624 20
0.262 2.268 9.659 19
0.271 2.211 9.81 20
0.259 2.107 9.748 20
0.17 2.157 9.602 20
0.202 2.221 9.61 20
0.253 2.29 9.679 20
0.283 2.25 9.625 30
0.282 2.184 9.631 20
0.28 2.248 9.705 20
0.36 2.272 9.669 20
0.332 2.269 9.644 20
0.348 2.288 9.617 20
0.296 2.28 9.6 20
0.289 2.312 9.541 20
0.267 2.222 9.55 20
0.282 2.174 9.539 20
0.256 2.199 9.769 20
0.346 2.212 9.787 20
0.314 2.247 9.754 20
0.323 2.263 9.781 20
0.325 2.277 9.636 20
0.308 2.302 9.677 21
0.293 2.195 9.605 19
0.3 2.148 9.529 21
0.251 2.254 9.453 19
0.245 2.368 9.562 20
0.371 2.319 9.74 20
0.377 2.299 9.684 20
0.314 2.294 9.681 21
0.346 2.248 9.759 19
0.319 2.214 9.715 20
0.264 2.274 9.386 20
0.246 2.372 9.45 20
0.355 2.324 9.584 20
0.396 2.345 9.667 20
0.344 2.308 9.74 20
0.306 2.33 9.647 20
0.223 2.384 9.559 20
0.249 2.359 9.668 20
0.286 2.293 9.735 20
0.282 2.218 9.748 21
0.368 2.179 9.716 19
0.362 2.317 9.765 20
0.366 2.301 9.614 20
0.24 2.418 9.546 20
0.288 2.347 9.406 21
0.293 2.35 9.572 19
0.336 2.339 9.703 20
0.312 2.309 9.75 20
0.281 2.271 9.764 20
0.264 2.245 9.738 22
0.264 2.289 9.723 18
0.246 2.289 9.723 20
0.331 2.265 9.686 20
0.318 2.258 9.697 20
0.322 2.287 9.684 25
0.308 2.307 9.612 15
0.279 2.33 9.515 20
0.317 2.329 9.618 20
0.289 2.269 9.717 20
0.299 2.27 9.584 20
0.21 2.277 9.596 20
0.281 2.242 9.789 20
0.34 2.239 9.72 20
0.261 2.221 9.581 20
0.305 2.305 9.648 20
0.316 2.326 9.645 20
0.298 2.307 9.651 20
0.264 2.294 9.606 20
0.255 2.3 9.613 20
0.257 2.336 9.648 22
0.288 2.283 9.673 19
0.279 2.283 9.778 19
0.281 2.251 9.667 21
0.257 2.268 9.667 20
0.294 2.25 9.699 19
0.251 2.305 9.535 20
0.234 2.278 9.587 20
0.289 2.29 9.607 20
0.274 2.246 9.65 20
0.293 2.214 9.62 20
0.237 2.259 9.649 20
0.261 2.293 9.612 20
0.252 2.295 9.618 21
0.298 2.259 9.571 19
0.276 2.26 9.627 20
0.221 2.216 9.695 20
0.201 2.209 9.659 26
0.191 2.208 9.703 15
0.295 2.199 9.614 19
0.261 2.265 9.643 20
0.3 2.288 9.55 20
0.282 2.329 9.601 20
0.285 2.326 9.641 22
0.295 2.296 9.763 18
0.269 2.23 9.748 21
0.258 2.217 9.739 20
0.208 2.226 9.678 19
0.216 2.284 9.722 21
0.204 2.294 9.582 20
0.285 2.239 9.613 19
0.258 2.21 9.594 20
0.318 2.253 9.734 20
0.271 2.305 9.66 21
0.251 2.284 9.607 29
0.313 2.324 9.604 21
0.234 2.32 9.68 19
0.364 2.235 9.746 20
0.287 2.191 9.687 20
0.246 2.218 9.568 20
0.208 2.283 9.572 22
0.246 2.353 9.65 18
0.274 2.325 9.642 20
0.292 2.244 9.63 20
0.299 2.262 9.708 21
0.25 2.302 9.69 20
0.271 2.263 9.739 19
0.227 2.278 9.65 20
0.269 2.348 9.635 20
0.238 2.373 9.491 20
0.252 2.263 9.541 21
0.294 2.287 9.711 21
0.282 2.317 9.733 19
0.293 2.308 9.696 19
0.249 2.296 9.661 20
0.237 2.307 9.593 21
0.255 2.381 9.58 19
0.275 2.366 9.617 20
0.292 2.307 9.605 20
0.263 2.325 9.576 20
0.241 2.347 9.499 21
0.286 2.41 9.613 19
0.275 2.33 9.671 20
0.227 2.289 9.705 21
0.251 2.288 9.687 19
0.263 2.294 9.629 21
0.257 2.389 9.563 19
0.255 2.366 9.641 20
0.358 2.38 9.753 20
0.414 2.345 9.741 20
0.299 2.345 9.62 20
0.258 2.378 9.483 20
0.233 2.344 9.424 20
0.262 2.339 9.625 20
0.336 2.292 9.65 20
0.279 2.289 9.637 21
0.268 2.284 9.61 19
0.257 2.35 9.721 20
0.31 2.38 9.739 20
0.235 2.32 9.545 20
0.245 2.329 9.502 20
0.249 2.311 9.557 20
0.269 2.373 9.574 20
0.286 2.378 9.639 21
0.334 2.342 9.71 19
0.324 2.341 9.648 30
0.305 2.349 9.662 21
0.317 2.355 9.697 29
0.27 2.274 9.631 20
0.289 2.317 9.526 30
0.28 2.386 9.586 20
0.25 2.414 9.563 21
0.282 2.371 9.649 19
0.308 2.312 9.752 33
0.289 2.363 9.675 17
0.289 2.362 9.666 20
0.262 2.351 9.624 21
0.253 2.418 9.487 19
0.188 2.33 9.444 20
0.237 2.27 9.532 21
0.241 2.332 9.578 19
0.296 2.323 9.575 21
0.292 2.395 9.599 19
0.343 2.457 9.598 20
0.36 2.423 9.626 20
0.282 2.378 9.661 20
0.256 2.301 9.611 21
0.22 2.278 9.611 20
0.205 2.363 9.523 20
0.191 2.439 9.547 19
0.217 2.434 9.626 20
0.287 2.341 9.69 21
0.275 2.369 9.668 19
0.292 2.361 9.587 21
0.298 2.355 9.528 19
0.263 2.321 9.51 20
0.287 2.403 9.507 20
0.251 2.409 9.497 20
0.258 2.375 9.6 21
0.256 2.312 9.733 19
0.279 2.347 9.663 20
0.227 2.398 9.571 20
0.274 2.383 9.613 20
0.273 2.378 9.53 20
0.269 2.369 9.587 21
0.271 2.281 9.709 19
0.293 2.253 9.832 20
0.293 2.265 9.76 20
0.231 2.377 9.684 20
0.283 2.448 9.685 20
0.293 2.415 9.781 20
0.27 2.368 9.838 21
0.251 2.305 9.815 19
0.219 2.379 9.716 31
0.264 2.396 9.741 19
0.281 2.38 9.784 23
0.293 2.333 9.746 17
0.246 2.35 9.789 20
0.255 2.344 9.847 20
0.243 2.293 9.833 20
0.186 2.333 9.845 21
0.225 2.332 9.793 19
0.204 2.383 9.8 22
0.251 2.416 9.842 19
0.219 2.417 9.798 19
0.234 2.367 9.792 21
0.209 2.305 9.772 19
0.17 2.335 9.851 25
0.241 2.355 9.874 16
0.146 2.409 9.75 19
0.227 2.338 9.819 21
0.252 2.349 10.002 19
0.24 2.372 9.935 21
0.216 2.373 9.863 19
0.16 2.409 9.886 20
0.149 2.385 10.015 21
0.217 2.257 10.024 19
0.244 2.386 9.993 24
0.244 2.386 9.993 17
0.335 2.42 9.94 19
0.235 2.433 9.901 21
0.253 2.492 9.911 20
0.22 2.393 9.927 19
0.246 2.289 10.117 21
0.286 2.29 10.139 19
0.173 2.35 10.164 20
0.196 2.333 10.068 20
0.166 2.368 9.947 20
0.263 2.342 10.011 20
0.204 2.403 10.053 20
0.292 2.345 9.995 21
0.201 2.333 9.829 19
0.16 2.423 9.866 21
0.199 2.498 9.916 20
0.241 2.418 9.945 19
0.244 2.391 9.986 21
0.324 2.294 10.078 19
0.271 2.332 10.153 22
0.217 2.38 10.033 19
0.14 2.39 9.895 19
0.204 2.318 9.795 21
0.166 2.341 9.868 20
0.234 2.422 10.0 19
0.234 2.414 9.962 21
0.211 2.393 9.96 20
0.239 2.409 10.003 20
0.193 2.442 10.059 19
0.189 2.421 9.984 22
0.191 2.434 9.947 20
0.158 2.434 9.873 18
0.152 2.43 9.867 21
0.172 2.445 9.922 19
0.185 2.426 9.947 20
0.233 2.426 9.953 21
0.32 2.496 10.024 29
0.32 2.496 10.024 11
0.217 2.483 9.929 20
0.162 2.503 9.838 22
0.228 2.403 9.8 18
0.193 2.435 9.872 20
0.197 2.456 9.867 20
0.19 2.502 9.97 19
0.249 2.474 9.995 20
0.232 2.578 9.934 21
0.295 2.523 9.885 19
0.257 2.506 9.804 21
0.228 2.535 9.784 19
0.245 2.525 9.786 20
0.165 2.548 9.812 20
0.215 2.538 9.958 30
0.241 2.457 9.998 20
0.241 2.446 10.074 20
0.195 2.513 10.027 21
0.193 2.509 9.921 19
0.262 2.512 9.957 20
0.245 2.52 9.926 21
0.205 2.494 9.854 19
0.149 2.561 9.778 20
0.192 2.527 9.832 21
0.214 2.454 9.819 19
0.182 2.466 9.916 21
0.231 2.42 9.885 20
0.189 2.442 9.795 20
0.186 2.447 9.696 29
0.205 2.448 9.66 21
0.209 2.48 9.768 19
0.191 2.483 9.776 20
0.228 2.424 9.807 20
0.209 2.423 9.829 20
0.271 2.391 9.844 21
0.222 2.428 9.917 19
0.24 2.384 9.868 20
0.24 2.367 9.771 21
0.164 2.384 9.672 19
0.237 2.278 9.632 20
0.098 2.35 9.678 20
0.201 2.339 9.637 22
0.166 2.321 9.614 18
0.241 2.377 9.835 20
0.258 2.343 9.815 21
0.231 2.341 9.778 19
0.223 2.359 9.786 20
0.147 2.361 9.879 20
0.171 2.344 9.718 20
0.234 2.293 9.754 20
0.186 2.332 9.748 20
0.214 2.342 9.735 22
0.234 2.357 9.693 18
0.209 2.379 9.663 20
0.173 2.347 9.754 20
0.234 2.282 9.765 20
0.237 2.25 9.72 20
0.154 2.321 9.657 20
0.215 2.387 9.793 20
0.232 2.333 9.717 20
0.184 2.258 9.727 20
0.223 2.263 9.799 22
0.164 2.29 9.775 18
0.233 2.166 9.65 21
0.182 2.239 9.637 19
0.232 2.369 9.6 20
0.258 2.302 9.781 20
0.234 2.265 9.778 20
0.13 2.187 9.677 20
0.159 2.214 9.792 20
0.222 2.177 9.843 20
0.179 2.239 9.61 22
0.211 2.302 9.741 18
0.198 2.199 9.747 20
0.214 2.165 9.625 20
0.128 2.169 9.621 20
0.183 2.132 9.721 20
0.146 2.156 9.644 20
0.149 2.207 9.61 20
0.166 2.286 9.546 20
0.199 2.203 9.598 20
0.263 2.229 9.681 22
0.262 2.32 9.936 18
0.355 2.384 10.083 20
0.193 2.212 9.794 20
0.052 2.136 9.395 20
0.059 2.183 9.663 20
0.118 2.242 9.697 21
0.197 2.254 9.724 19
0.253 2.393 9.687 20
0.281 2.368 9.495 20
0.311 2.35 9.523 22
-0.021 2.022 6.484 18
0.537 2.47 10.472 20
0.228 2.154 10.486 21
0.083 1.802 9.987 19
0.123 1.882 9.939 20
-0.02 2.01 9.572 20
-0.007 2.139 9.606 20
0.268 2.347 9.851 20
0.29 2.453 9.617 20
0.302 2.385 9.278 20
0.246 2.369 9.245 20
0.207 2.36 9.479 20
0.233 2.126 9.841 20
0.068 2.008 9.697 20
0.089 2.193 9.614 20
0.193 2.253 9.679 20
0.231 2.282 9.744 20
0.268 2.299 9.723 20
0.165 2.321 9.693 20
0.207 2.302 9.626 20
0.205 2.25 9.618 20
0.227 2.208 9.789 20
0.227 2.212 9.819 20
0.229 2.189 9.729 20
0.239 2.223 9.554 20
0.164 2.292 9.621 20
0.229 2.318 9.66 20
0.231 2.302 9.674 20
0.244 2.258 9.625 20
0.174 2.317 9.469 20
0.156 2.33 9.593 20
0.207 2.325 9.627 20
0.196 2.287 9.56 21
0.185 2.384 9.849 19
0.228 2.289 9.698 20
0.274 2.165 9.645 20
0.21 2.171 9.605 20
0.177 2.233 9.626 20
0.197 2.317 9.674 20
0.27 2.282 9.497 20
0.221 2.314 9.534 20
0.331 2.324 9.589 20
0.318 2.277 9.76 21
0.274 2.215 9.699 19
0.131 2.221 9.649 20
0.165 2.187 9.642 20
0.107 2.175 9.564 20
0.158 2.241 9.644 20
0.324 2.218 9.843 20
0.307 2.345 9.523 20
0.302 2.514 9.078 20
0.652 2.763 7.587 20
0.398 2.549 10.299 20
0.361 2.039 10.399 20
0.221 1.805 10.256 20
0.112 1.984 10.106 20
0.131 2.05 9.903 20
0.011 2.159 9.667 20
0.138 2.36 9.857 20
0.275 2.503 9.908 20
0.251 2.393 9.6 20
# end
#Mon Jan 05 14:30:31 PST 2015