# Accelerometer Values
# filename:  default__2.txt
# Saving start time: Mon Jan 05 14:29:28 PST 2015

# sensor resolution: 1.0m/s^2
#Sensorvendor: Invensense, name: MPL accel, type: 1,version : 1, range 10240.0

# X value, Y value, Z value, time diff in ms
0.446 2.811 9.826 20
0.371 2.707 9.754 20
0.132 2.981 9.552 26
0.031 3.039 9.273 14
-0.023 3.062 8.96 20
-0.352 3.065 9.004 21
-0.015 2.567 9.346 19
0.404 2.33 9.674 20
0.277 2.551 9.792 30
0.232 2.778 9.656 20
0.141 2.871 9.557 20
0.013 2.862 9.6 20
-0.003 2.725 9.669 20
0.205 2.634 9.672 24
0.15 2.726 9.478 16
0.223 2.912 9.23 20
0.261 3.095 9.218 20
0.561 3.026 9.262 20
0.857 2.969 9.144 30
1.007 2.98 9.04 16
1.007 2.98 9.04 14
1.607 2.98 8.957 20
1.604 3.042 9.267 20
1.477 3.058 9.811 20
1.471 3.121 10.205 20
1.526 2.918 10.308 20
1.398 2.472 10.322 20
0.913 2.131 10.279 20
0.876 1.75 10.283 20
0.989 1.562 10.184 20
1.241 1.478 9.862 20
0.876 1.984 9.59 20
0.487 2.462 9.625 20
0.58 2.401 9.716 20
0.82 2.027 9.877 20
0.834 2.011 10.265 20
0.773 1.904 10.393 20
0.892 2.057 10.417 20
0.886 2.141 10.413 20
0.04 2.302 10.049 20
-0.511 1.757 9.38 20
-0.409 1.107 9.178 20
-0.423 0.84 9.255 20
-1.155 1.78 9.275 30
-1.266 2.481 9.222 20
-1.446 2.826 9.013 20
-1.573 2.838 9.19 20
-1.295 2.581 9.819 20
-0.753 2.186 10.409 20
-0.657 2.293 10.473 20
-0.451 2.391 9.751 20
-0.419 2.703 9.115 20
-0.793 3.12 8.63 20
-1.046 3.166 8.514 20
-0.129 2.822 8.52 20
0.105 2.824 8.826 20
-0.251 3.426 8.898 20
-0.495 3.648 8.711 20
-0.083 3.459 8.769 20
-0.141 3.586 8.691 30
-0.069 3.714 8.844 20
0.057 3.86 9.341 21
0.422 3.691 9.566 19
0.604 3.442 9.868 20
0.707 3.433 9.942 20
0.795 3.362 9.808 20
0.705 3.524 9.983 21
0.803 3.471 10.329 19
0.932 3.387 10.726 20
0.821 3.245 11.11 20
1.016 2.781 11.367 20
1.414 2.311 11.602 20
1.647 2.121 11.894 20
1.822 1.943 11.621 20
2.06 1.69 11.205 20
1.99 1.681 10.878 20
1.567 1.851 10.074 20
1.258 1.92 9.435 20
1.258 1.894 8.874 20
1.336 2.183 8.715 30
1.277 2.436 8.75 20
1.251 2.337 8.725 20
1.129 2.444 9.001 20
1.532 2.104 9.024 20
1.442 2.153 8.96 20
1.322 2.254 8.338 20
1.063 2.577 7.658 20
0.69 2.816 7.309 20
0.689 2.859 7.272 20
0.573 2.972 7.522 20
0.797 2.959 7.746 20
0.784 3.002 7.744 20
0.743 3.131 7.598 20
0.676 3.323 7.682 23
0.7 3.475 8.014 17
0.798 3.466 8.346 20
0.779 3.525 8.424 20
0.342 3.779 8.396 20
-0.152 3.946 8.642 20
-0.016 3.679 8.966 20
-0.027 3.344 10.679 30
0.082 3.228 11.563 20
-0.122 3.258 12.29 21
-0.44 3.393 12.734 29
-0.506 2.532 13.001 21
-0.262 1.966 12.997 19
-0.452 1.609 12.394 20
-0.731 1.419 11.382 20
-1.05 1.272 10.412 20
-1.233 1.141 9.449 20
-1.539 1.317 8.897 30
-1.809 1.647 8.628 20
-1.907 1.986 8.613 20
-1.677 2.143 8.938 20
-1.417 2.18 9.498 20
-1.041 2.024 10.011 20
-0.464 1.763 9.891 20
-0.076 1.542 9.479 20
-0.417 1.787 8.622 20
-0.833 2.247 7.782 20
-1.066 2.536 7.656 20
-0.758 2.65 8.123 20
-0.78 2.583 8.677 20
-0.803 2.452 8.838 23
-0.56 2.275 8.943 17
-0.463 2.201 9.176 20
-0.467 2.263 9.393 20
0.088 2.223 9.535 20
0.087 2.462 9.766 20
-0.246 2.907 9.594 20
-0.288 3.087 9.425 20
-0.099 3.101 9.493 20
0.073 3.142 9.847 20
0.21 3.132 10.354 20
0.554 3.02 11.0 20
0.617 3.139 11.5 20
0.535 3.317 11.757 20
0.568 3.392 11.711 20
0.29 3.356 11.292 20
-0.039 3.075 10.621 20
-0.204 2.583 10.17 20
-0.22 2.052 10.066 20
-0.11 1.599 10.144 20
0.091 1.225 10.206 20
0.354 0.893 9.856 20
0.616 0.905 9.55 20
0.801 1.274 9.024 20
0.866 1.726 8.647 20
0.534 2.222 8.574 20
0.784 2.23 8.753 20
0.79 2.212 9.486 20
0.934 2.126 9.436 20
0.706 1.984 9.102 20
0.292 2.052 8.63 20
0.32 1.889 8.368 20
0.252 1.956 8.54 20
0.534 1.939 8.699 20
0.778 1.718 8.699 20
0.986 1.462 8.896 20
1.207 1.369 8.98 20
1.044 1.459 9.223 20
1.134 1.426 9.466 20
1.284 1.472 9.522 20
1.09 1.592 9.524 30
0.925 1.674 9.599 20
1.04 1.529 9.995 20
0.787 1.581 10.387 20
0.501 1.699 10.271 20
0.275 1.99 10.244 20
0.182 2.06 10.739 20
0.325 2.038 11.636 20
0.512 1.78 12.309 20
0.771 1.302 12.367 20
0.455 0.831 10.356 20
0.226 1.098 9.293 20
-0.027 1.357 8.732 21
0.031 1.578 8.832 20
0.481 1.687 9.274 19
0.523 1.995 9.589 30
0.535 2.294 9.696 20
0.593 2.549 9.787 20
0.671 2.487 9.753 20
0.707 2.365 9.788 20
0.695 2.324 9.726 20
0.68 2.584 9.69 20
0.623 2.713 9.909 20
0.629 2.785 9.992 20
0.579 2.862 10.231 20
0.686 2.563 10.42 20
1.31 1.797 10.148 20
1.25 1.628 9.662 21
1.13 1.783 9.049 20
0.809 2.233 8.472 19
0.473 2.64 8.132 20
0.279 2.779 8.078 20
0.378 2.81 8.549 20
0.825 2.842 9.192 20
1.019 2.915 9.51 20
0.905 3.082 9.404 20
0.656 3.208 9.417 20
0.704 3.03 9.442 30
0.822 2.681 9.563 21
0.917 2.44 9.582 19
0.912 2.402 9.457 20
0.7 2.689 9.142 20
0.581 3.032 8.885 20
0.468 3.099 9.226 20
0.736 2.736 9.459 20
0.913 2.635 9.744 20
0.946 2.731 10.084 20
0.914 2.721 10.315 20
0.975 2.591 10.257 20
0.916 2.535 9.982 20
0.772 2.553 9.766 20
0.698 2.694 9.435 20
0.625 2.68 9.311 20
0.592 2.587 9.233 20
0.534 2.537 9.187 20
0.611 2.647 9.186 20
0.657 2.756 9.289 20
0.711 2.805 9.704 20
1.039 2.547 9.89 20
1.19 2.426 9.757 20
0.76 2.703 9.305 20
0.469 3.075 8.757 20
0.28 3.592 8.723 30
0.28 3.592 8.723 10
0.371 3.551 9.247 20
0.798 3.22 9.657 20
1.013 3.022 9.784 20
0.852 3.162 9.418 20
0.774 3.251 8.929 20
0.698 3.351 8.848 20
0.673 3.35 9.072 20
0.998 3.131 9.204 20
0.718 3.438 9.307 30
0.673 3.457 9.219 20
0.658 3.16 9.298 20
0.674 2.978 9.4 20
0.809 2.777 9.412 20
0.839 2.767 9.393 20
0.615 2.834 9.376 20
0.746 2.706 9.382 20
0.843 2.705 9.244 20
0.653 2.844 9.062 30
0.805 2.894 9.28 20
0.948 2.812 9.507 20
0.934 2.887 9.504 20
0.899 3.017 9.444 20
0.804 3.089 9.648 20
1.047 2.92 9.897 20
1.141 2.748 10.135 20
1.234 2.743 9.987 21
1.16 2.745 9.855 19
1.076 2.748 9.786 20
1.093 2.616 9.715 20
1.038 2.549 9.63 20
1.116 2.605 9.588 30
0.924 2.73 9.325 20
0.846 2.715 9.168 20
0.799 2.677 9.081 20
0.841 2.688 9.182 20
0.821 2.682 9.45 20
0.761 2.686 9.724 30
0.912 2.545 9.638 20
0.707 2.602 9.564 20
0.665 2.654 9.398 20
0.706 2.502 9.407 20
0.609 2.508 9.483 20
0.576 2.533 9.516 20
0.535 2.538 9.402 20
0.524 2.511 9.238 20
0.275 2.632 9.255 20
0.47 2.46 9.716 21
0.583 2.375 9.877 19
0.716 2.245 9.875 21
0.616 2.383 9.861 19
0.547 2.488 9.832 20
0.517 2.592 9.836 20
0.41 2.574 9.775 30
0.38 2.405 9.866 20
0.434 2.196 9.827 20
0.385 2.179 9.856 20
0.372 2.177 9.722 20
0.335 2.242 9.605 20
0.419 2.168 9.548 20
0.445 2.251 9.626 20
0.675 2.203 9.893 22
0.675 2.203 9.893 18
0.804 2.155 10.008 20
0.531 2.272 9.381 20
0.384 2.367 9.095 20
0.306 2.436 9.154 20
0.281 2.493 9.284 20
0.282 2.53 9.598 20
0.228 2.457 9.765 20
0.306 2.325 9.717 20
0.148 2.332 9.593 20
0.094 2.338 9.487 20
0.037 2.421 9.551 20
0.013 2.369 9.671 20
0.039 2.29 9.674 20
0.117 2.239 9.474 20
0.019 2.351 9.424 20
-0.067 2.498 9.426 20
0.117 2.466 9.584 21
0.371 2.45 9.661 29
0.289 2.584 9.654 20
0.341 2.669 9.608 20
0.389 2.639 9.507 20
0.393 2.633 9.388 20
0.314 2.647 9.575 20
0.408 2.609 9.683 20
0.51 2.453 9.883 20
0.5 2.351 9.817 20
0.51 2.281 9.679 20
0.457 2.464 9.589 20
0.401 2.64 9.307 20
0.301 2.763 9.224 20
0.377 2.818 9.222 30
0.232 2.797 9.304 20
0.31 2.626 9.374 20
0.319 2.56 9.653 20
0.322 2.356 9.984 20
0.396 2.287 9.94 20
0.373 2.325 9.784 20
0.268 2.428 9.578 20
0.349 2.627 9.51 30
0.31 2.66 9.465 20
0.391 2.615 9.49 20
0.335 2.527 9.51 20
0.308 2.442 9.369 20
0.229 2.474 9.432 20
0.112 2.478 9.402 20
0.119 2.408 9.426 20
0.099 2.306 9.483 20
0.111 2.26 9.61 20
0.052 2.324 9.831 20
0.225 2.223 9.911 20
0.13 2.271 9.728 20
0.074 2.487 9.565 20
-0.033 2.651 9.49 20
0.111 2.574 9.418 20
0.107 2.632 9.483 20
0.092 2.608 9.461 20
0.171 2.495 9.59 20
0.225 2.433 9.748 20
0.264 2.369 9.728 20
0.074 2.483 9.718 20
0.132 2.487 9.57 20
0.102 2.446 9.557 22
0.063 2.544 9.478 18
0.087 2.541 9.516 20
0.085 2.595 9.521 20
0.158 2.604 9.489 30
0.058 2.61 9.505 20
0.108 2.547 9.431 20
0.065 2.541 9.56 20
0.111 2.451 9.627 20
0.155 2.447 9.666 20
0.089 2.465 9.632 23
0.019 2.519 9.724 17
0.168 2.427 9.728 20
0.132 2.385 9.68 20
0.173 2.416 9.55 20
0.182 2.488 9.568 20
0.154 2.596 9.586 20
0.185 2.581 9.588 20
0.31 2.463 9.707 20
0.292 2.43 9.693 20
0.243 2.483 9.526 30
0.167 2.591 9.387 20
0.125 2.622 9.381 20
0.208 2.5 9.498 20
0.129 2.553 9.563 20
0.131 2.549 9.605 22
0.158 2.498 9.577 18
0.134 2.569 9.557 20
0.129 2.565 9.583 20
0.214 2.551 9.564 20
0.211 2.535 9.495 20
0.17 2.597 9.4 21
0.159 2.616 9.402 19
0.21 2.568 9.42 20
0.183 2.512 9.594 20
0.202 2.438 9.738 20
0.227 2.405 9.671 20
0.15 2.441 9.479 20
0.155 2.487 9.382 20
0.026 2.615 9.414 20
0.102 2.575 9.593 20
0.235 2.559 9.769 20
0.413 2.448 9.705 20
0.273 2.512 9.52 20
0.17 2.584 9.541 20
0.223 2.641 9.551 20
0.316 2.58 9.554 20
0.273 2.566 9.629 20
0.328 2.424 9.698 20
0.288 2.484 9.795 20
0.239 2.533 9.554 20
0.137 2.591 9.38 20
0.1 2.633 9.295 20
0.232 2.56 9.472 20
0.204 2.571 9.59 20
0.186 2.533 9.641 20
0.177 2.478 9.61 20
0.189 2.422 9.545 20
0.275 2.402 9.781 20
0.289 2.313 9.71 21
0.328 2.342 9.617 21
0.256 2.495 9.477 18
0.198 2.592 9.422 20
0.24 2.525 9.461 20
0.252 2.448 9.535 20
0.395 2.275 9.578 30
0.338 2.312 9.608 10
0.305 2.423 9.581 20
0.282 2.495 9.625 20
0.306 2.442 9.616 20
0.245 2.459 9.674 20
0.323 2.428 9.593 20
0.296 2.532 9.617 20
0.241 2.549 9.582 20
0.269 2.498 9.703 30
0.252 2.299 9.795 20
0.361 2.28 9.592 30
0.195 2.46 9.451 20
0.15 2.587 9.457 20
0.302 2.518 9.466 20
0.335 2.509 9.565 20
0.358 2.45 9.524 20
0.431 2.447 9.619 20
0.307 2.515 9.6 20
0.241 2.496 9.48 20
0.325 2.422 9.402 21
0.269 2.489 9.532 19
0.304 2.412 9.624 21
0.432 2.321 9.736 19
0.324 2.391 9.708 20
0.241 2.458 9.568 20
0.265 2.531 9.508 21
0.308 2.521 9.662 19
0.359 2.422 9.79 20
0.378 2.348 9.653 20
0.302 2.349 9.515 20
0.214 2.453 9.473 20
0.247 2.48 9.534 20
0.319 2.402 9.627 20
0.343 2.398 9.672 20
0.317 2.359 9.58 20
0.251 2.409 9.521 20
0.299 2.38 9.51 20
0.307 2.405 9.53 20
0.305 2.363 9.599 20
0.324 2.319 9.647 20
0.328 2.418 9.558 20
0.304 2.519 9.492 20
0.269 2.526 9.592 21
0.325 2.507 9.768 19
0.437 2.439 9.887 20
0.437 2.452 9.869 20
0.402 2.537 9.619 20
0.283 2.656 9.491 20
0.262 2.665 9.448 20
0.258 2.578 9.469 20
0.332 2.405 9.602 20
0.373 2.314 9.59 20
0.395 2.373 9.604 20
0.249 2.453 9.427 20
0.199 2.472 9.396 20
0.269 2.445 9.471 20
0.268 2.426 9.607 20
0.305 2.423 9.686 20
0.335 2.402 9.69 20
0.271 2.39 9.562 20
0.245 2.433 9.509 20
0.353 2.406 9.594 20
0.276 2.392 9.654 20
0.334 2.366 9.618 20
0.37 2.336 9.598 20
0.35 2.365 9.545 21
0.283 2.433 9.623 19
0.344 2.466 9.62 20
0.387 2.44 9.678 20
0.374 2.48 9.61 20
0.385 2.517 9.53 20
0.428 2.514 9.461 20
0.348 2.543 9.544 21
0.296 2.505 9.611 19
0.396 2.444 9.659 20
0.3 2.45 9.642 20
0.314 2.438 9.562 20
0.237 2.466 9.631 20
0.245 2.463 9.642 21
0.292 2.428 9.631 19
0.241 2.399 9.505 20
0.216 2.435 9.407 20
0.237 2.447 9.472 20
0.288 2.454 9.564 30
0.264 2.428 9.601 20
0.219 2.52 9.612 20
0.3 2.475 9.629 20
0.341 2.489 9.668 20
0.34 2.52 9.563 20
0.32 2.572 9.404 20
0.203 2.628 9.557 20
0.202 2.567 9.625 20
0.277 2.433 9.604 20
0.223 2.384 9.576 20
0.216 2.417 9.58 20
0.209 2.423 9.702 20
0.259 2.384 9.668 20
0.275 2.377 9.556 20
0.229 2.416 9.475 20
0.259 2.434 9.443 21
0.317 2.458 9.569 19
0.287 2.526 9.649 20
0.251 2.469 9.627 20
0.312 2.445 9.605 20
0.358 2.464 9.514 21
0.255 2.578 9.481 19
0.31 2.636 9.554 20
0.36 2.538 9.553 20
0.302 2.52 9.606 20
0.408 2.462 9.613 20
0.344 2.47 9.583 20
0.246 2.532 9.571 20
0.198 2.551 9.631 20
0.25 2.428 9.685 20
0.264 2.373 9.618 20
0.204 2.445 9.551 20
0.185 2.469 9.559 20
0.211 2.496 9.604 20
0.25 2.486 9.56 20
0.21 2.454 9.558 20
0.294 2.453 9.547 20
0.271 2.452 9.62 20
0.296 2.45 9.619 20
0.21 2.495 9.601 20
0.219 2.482 9.521 20
0.269 2.458 9.568 20
0.329 2.492 9.748 20
0.353 2.519 9.699 20
0.24 2.553 9.595 20
0.235 2.542 9.46 20
0.225 2.535 9.441 20
0.261 2.484 9.592 20
0.371 2.351 9.73 30
0.371 2.351 9.73 10
0.29 2.386 9.572 20
0.168 2.458 9.411 20
0.231 2.538 9.442 20
0.233 2.58 9.473 20
0.261 2.487 9.473 20
0.263 2.44 9.587 20
0.355 2.402 9.619 20
0.251 2.554 9.802 20
0.292 2.544 9.844 20
0.331 2.508 9.811 20
0.246 2.494 9.732 20
0.289 2.466 9.605 20
0.294 2.475 9.557 20
0.273 2.533 9.39 20
0.255 2.46 9.558 20
0.326 2.383 9.644 20
0.251 2.324 9.689 20
0.282 2.406 9.631 20
0.283 2.496 9.528 20
0.219 2.561 9.51 20
0.264 2.52 9.474 20
0.304 2.487 9.604 21
0.302 2.465 9.583 19
0.186 2.583 9.627 20
0.245 2.514 9.616 20
0.265 2.514 9.59 20
0.195 2.503 9.577 20
0.247 2.49 9.596 20
0.255 2.561 9.715 20
0.231 2.533 9.55 20
0.228 2.519 9.366 20
0.251 2.572 9.352 20
0.239 2.627 9.503 20
0.205 2.624 9.636 20
0.289 2.448 9.546 20
0.189 2.42 9.53 20
0.22 2.489 9.841 30
0.298 2.42 9.854 20
0.27 2.386 9.666 20
0.188 2.517 9.425 20
0.132 2.689 9.323 20
0.21 2.726 9.499 20
0.324 2.647 9.683 20
0.371 2.604 9.72 20
0.31 2.549 9.523 20
0.222 2.694 9.419 20
0.183 2.761 9.422 20
0.267 2.725 9.575 20
0.31 2.544 9.48 30
0.246 2.542 9.502 20
0.246 2.514 9.527 20
0.24 2.524 9.554 20
0.228 2.501 9.46 20
0.198 2.518 9.416 20
0.207 2.556 9.487 24
0.214 2.59 9.602 26
0.269 2.48 9.654 10
0.21 2.478 9.607 20
0.136 2.563 9.534 20
0.112 2.623 9.642 20
0.215 2.536 9.657 20
0.247 2.447 9.606 20
0.24 2.481 9.58 20
0.233 2.565 9.495 20
0.231 2.591 9.53 20
0.228 2.515 9.443 20
0.252 2.529 9.442 20
0.258 2.562 9.505 21
0.317 2.465 9.657 29
0.244 2.502 9.613 20
0.282 2.531 9.545 30
0.279 2.548 9.562 21
0.239 2.593 9.639 19
0.227 2.603 9.703 20
0.261 2.471 9.732 20
0.295 2.439 9.72 20
0.204 2.495 9.608 23
0.185 2.562 9.583 17
0.273 2.554 9.522 20
0.233 2.526 9.437 20
0.268 2.507 9.529 20
0.299 2.456 9.589 20
0.302 2.465 9.424 20
0.246 2.512 9.429 21
0.205 2.598 9.503 19
0.294 2.537 9.612 20
0.346 2.513 9.726 23
0.311 2.554 9.671 17
0.29 2.587 9.563 20
0.253 2.624 9.596 20
0.213 2.699 9.588 20
0.319 2.569 9.59 20
0.296 2.518 9.617 20
0.192 2.556 9.519 20
0.165 2.563 9.581 30
0.186 2.533 9.645 20
0.135 2.484 9.718 20
0.209 2.435 9.736 20
0.162 2.577 9.81 20
0.15 2.605 9.808 20
0.269 2.524 9.745 20
0.202 2.584 9.763 20
0.237 2.6 9.704 23
0.304 2.64 9.673 17
0.235 2.666 9.659 20
0.264 2.62 9.63 20
0.298 2.565 9.75 20
0.246 2.572 9.777 20
0.237 2.494 9.802 20
0.258 2.482 9.717 20
0.219 2.458 9.732 20
0.25 2.529 9.76 20
0.231 2.554 9.697 20
0.164 2.583 9.709 20
0.153 2.573 9.742 20
0.177 2.579 9.838 20
0.197 2.612 9.891 20
0.228 2.549 9.999 20
0.253 2.538 10.021 23
0.314 2.512 10.02 17
0.273 2.609 9.898 20
0.196 2.718 9.796 20
0.275 2.78 9.911 20
0.302 2.769 10.026 20
0.317 2.689 10.132 21
0.39 2.617 10.085 19
0.215 2.723 9.953 20
0.14 2.777 9.835 20
0.237 2.684 9.974 20
0.264 2.648 10.103 21
0.317 2.547 10.067 19
0.256 2.531 10.055 20
0.178 2.608 9.923 20
0.177 2.6 9.926 20
0.246 2.575 9.915 21
0.214 2.548 9.908 19
0.183 2.544 9.896 20
0.142 2.621 9.93 20
0.276 2.58 10.009 20
0.28 2.587 10.078 21
0.231 2.602 10.048 19
0.252 2.61 9.98 20
0.203 2.585 9.969 20
0.202 2.593 10.001 20
0.227 2.549 9.982 21
0.247 2.484 10.033 19
0.209 2.547 10.081 20
0.235 2.544 9.995 20
0.225 2.535 9.883 20
0.201 2.598 9.927 21
0.22 2.627 10.128 19
0.298 2.524 10.184 20
0.264 2.46 10.033 20
0.164 2.548 9.934 20
0.207 2.634 9.912 21
0.25 2.646 9.992 19
0.215 2.574 9.993 20
0.257 2.539 10.007 20
0.308 2.515 9.944 20
0.21 2.6 10.014 21
0.214 2.566 9.956 19
0.256 2.511 10.001 20
0.202 2.535 9.957 20
0.256 2.524 10.03 20
0.285 2.518 10.033 21
0.247 2.551 9.959 19
0.195 2.621 9.984 20
0.251 2.648 9.957 20
0.249 2.577 10.03 20
0.257 2.58 10.007 21
0.257 2.599 9.958 19
0.269 2.615 10.008 20
0.256 2.547 10.104 20
0.358 2.464 10.081 20
0.287 2.482 9.99 21
0.251 2.55 9.953 19
0.226 2.581 9.94 20
0.27 2.572 9.922 20
0.296 2.543 10.065 20
0.35 2.438 10.073 21
0.237 2.539 9.936 19
0.223 2.584 9.768 20
0.22 2.599 9.782 20
0.215 2.596 9.944 20
0.34 2.42 9.841 21
0.232 2.46 9.947 19
0.239 2.472 9.871 20
0.201 2.503 9.826 21
0.142 2.511 9.813 19
0.209 2.457 9.764 20
0.273 2.487 9.926 20
0.301 2.501 9.966 20
0.269 2.561 10.005 20
0.25 2.56 9.855 20
0.298 2.507 9.808 20
0.336 2.495 9.996 20
0.364 2.471 9.903 20
0.265 2.577 9.766 20
0.197 2.629 9.584 20
0.223 2.58 9.523 20
0.255 2.475 9.677 20
0.256 2.439 9.903 20
0.277 2.359 9.788 20
0.118 2.33 9.481 20
0.089 2.422 9.689 20
0.238 2.428 9.977 20
0.354 2.337 9.956 20
0.301 2.399 9.751 20
0.245 2.543 9.463 20
0.252 2.715 9.456 20
0.237 2.751 9.574 20
0.273 2.659 9.775 20
0.415 2.401 9.775 20
0.292 2.426 9.76 30
0.288 2.501 9.708 20
0.192 2.538 9.596 30
0.192 2.538 9.596 10
0.251 2.523 9.57 20
0.349 2.481 9.562 20
0.249 2.658 9.592 30
0.245 2.598 9.553 12
0.271 2.492 9.616 19
0.33 2.397 9.679 19
0.325 2.398 9.611 21
0.253 2.5 9.522 19
0.229 2.587 9.425 20
0.273 2.572 9.442 20
0.383 2.481 9.474 20
0.336 2.474 9.596 20
0.288 2.537 9.529 20
0.276 2.525 9.545 20
0.301 2.495 9.594 21
0.32 2.426 9.566 20
0.308 2.512 9.584 19
0.304 2.492 9.605 20
0.294 2.505 9.61 20
0.336 2.484 9.638 21
0.301 2.459 9.563 29
0.301 2.459 9.563 10
0.279 2.524 9.514 20
0.31 2.545 9.588 21
0.323 2.511 9.645 20
0.396 2.424 9.611 19
0.376 2.441 9.52 20
0.32 2.462 9.564 30
0.32 2.462 9.564 11
0.3 2.373 9.577 19
0.306 2.366 9.562 20
0.336 2.393 9.601 20
0.295 2.459 9.685 20
0.34 2.361 9.621 20
0.311 2.27 9.586 21
0.304 2.351 9.508 19
0.302 2.481 9.527 20
0.353 2.526 9.644 20
0.348 2.391 9.708 23
0.367 2.335 9.699 17
0.35 2.348 9.618 20
0.256 2.354 9.479 20
0.267 2.343 9.508 20
0.299 2.326 9.574 20
0.268 2.319 9.675 21
0.267 2.274 9.655 19
0.255 2.287 9.57 20
0.256 2.292 9.583 21
0.255 2.353 9.621 29
0.289 2.345 9.604 20
0.3 2.395 9.557 21
0.334 2.403 9.533 19
0.307 2.396 9.598 20
0.299 2.406 9.666 20
0.347 2.315 9.666 23
0.269 2.35 9.596 27
0.287 2.378 9.69 20
0.294 2.377 9.633 20
0.288 2.373 9.576 20
0.211 2.365 9.638 20
0.269 2.35 9.621 20
0.304 2.335 9.735 20
0.329 2.354 9.524 20
0.177 2.372 9.36 20
0.258 2.375 9.584 24
0.378 2.332 9.786 16
0.295 2.357 9.445 30
0.239 2.416 9.394 20
0.246 2.415 9.441 20
0.292 2.336 9.623 24
0.269 2.306 9.734 16
0.261 2.304 9.659 20
0.24 2.335 9.584 20
0.256 2.402 9.722 20
0.317 2.411 9.751 21
0.298 2.396 9.759 19
0.305 2.396 9.768 20
0.347 2.308 9.618 20
0.232 2.432 9.66 20
0.253 2.371 9.565 21
0.331 2.345 9.472 19
0.197 2.439 9.481 20
0.251 2.326 9.463 20
0.265 2.332 9.624 20
0.267 2.289 9.625 24
0.267 2.289 9.625 16
0.31 2.265 9.616 20
0.223 2.314 9.698 20
0.279 2.327 9.594 20
0.277 2.326 9.586 27
0.29 2.332 9.659 13
0.246 2.392 9.643 20
0.335 2.299 9.562 20
0.283 2.353 9.639 20
0.302 2.341 9.695 22
0.374 2.295 9.728 19
0.312 2.329 9.569 19
0.195 2.441 9.52 20
0.253 2.396 9.551 20
0.28 2.371 9.586 31
0.306 2.304 9.691 9
0.361 2.203 9.76 20
0.318 2.27 9.656 20
0.226 2.379 9.614 20
0.301 2.348 9.533 20
0.328 2.327 9.48 20
0.256 2.347 9.599 20
0.356 2.347 9.605 20
0.304 2.35 9.656 20
0.159 2.392 9.552 20
0.241 2.284 9.544 20
0.227 2.305 9.703 21
0.274 2.319 9.838 19
0.317 2.301 9.805 20
0.288 2.336 9.633 21
0.241 2.439 9.513 19
0.252 2.487 9.503 20
0.31 2.521 9.639 20
0.344 2.385 9.654 20
0.346 2.325 9.621 20
0.261 2.415 9.474 30
0.261 2.415 9.474 10
0.186 2.406 9.49 20
0.3 2.263 9.69 20
0.342 2.278 9.641 21
0.251 2.405 9.575 20
0.246 2.423 9.477 19
0.251 2.412 9.516 20
0.296 2.371 9.627 21
0.312 2.289 9.698 19
0.378 2.331 9.774 20
0.271 2.422 9.762 20
0.305 2.373 9.538 20
0.261 2.423 9.515 20
0.295 2.489 9.489 30
0.332 2.5 9.548 20
0.325 2.329 9.686 31
0.316 2.307 9.59 19
0.269 2.354 9.538 20
0.234 2.421 9.526 20
0.275 2.369 9.581 20
0.373 2.341 9.626 21
0.341 2.379 9.613 19
0.296 2.447 9.548 20
0.282 2.518 9.43 20
0.285 2.481 9.405 20
0.274 2.445 9.577 21
0.325 2.313 9.76 19
0.378 2.23 9.808 20
0.229 2.357 9.762 20
0.252 2.391 9.624 20
0.239 2.428 9.629 21
0.268 2.433 9.659 19
0.317 2.412 9.693 20
0.365 2.386 9.624 20
0.314 2.486 9.533 20
0.365 2.444 9.662 21
0.405 2.342 9.593 19
0.267 2.412 9.556 20
0.222 2.456 9.466 20
0.288 2.434 9.559 20
0.347 2.353 9.594 26
0.239 2.325 9.75 14
0.323 2.293 9.639 20
0.305 2.354 9.611 20
0.285 2.426 9.602 20
0.342 2.408 9.569 25
0.323 2.389 9.57 15
0.325 2.391 9.548 20
0.329 2.373 9.542 21
0.334 2.422 9.59 19
0.343 2.393 9.642 40
0.343 2.393 9.642 11
0.279 2.333 9.546 20
0.264 2.429 9.648 20
0.267 2.418 9.653 19
0.358 2.347 9.623 20
0.335 2.368 9.686 20
0.392 2.385 9.78 20
0.377 2.423 9.726 20
0.36 2.385 9.589 20
0.356 2.397 9.468 20
0.359 2.436 9.435 20
0.338 2.539 9.523 20
0.286 2.503 9.621 20
0.422 2.335 9.583 20
0.326 2.298 9.596 21
0.282 2.287 9.581 19
0.311 2.308 9.592 20
0.33 2.368 9.55 20
0.329 2.355 9.578 20
0.44 2.318 9.542 20
0.405 2.405 9.604 21
0.318 2.48 9.566 19
0.341 2.453 9.505 20
0.392 2.435 9.593 21
0.44 2.406 9.674 19
0.329 2.463 9.736 20
0.417 2.373 9.641 20
0.366 2.401 9.692 20
0.344 2.371 9.687 21
0.362 2.366 9.607 19
0.348 2.335 9.552 20
0.28 2.395 9.485 20
0.281 2.395 9.606 20
0.313 2.35 9.61 20
0.352 2.289 9.673 30
0.314 2.366 9.637 20
0.267 2.463 9.557 20
0.328 2.466 9.502 20
0.279 2.414 9.535 20
0.325 2.335 9.62 20
0.332 2.327 9.671 20
0.258 2.367 9.63 20
0.269 2.386 9.601 20
0.296 2.373 9.656 20
0.358 2.347 9.63 20
0.289 2.371 9.632 21
0.213 2.383 9.547 29
0.213 2.383 9.547 10
0.241 2.396 9.614 20
0.287 2.324 9.691 20
0.366 2.265 9.695 31
0.268 2.424 9.586 19
0.237 2.514 9.483 20
0.29 2.442 9.566 20
0.3 2.404 9.577 20
0.285 2.357 9.704 20
0.402 2.329 9.724 20
0.287 2.368 9.696 20
0.262 2.378 9.621 20
0.253 2.426 9.545 20
0.285 2.433 9.447 20
0.283 2.406 9.588 20
0.352 2.344 9.612 20
0.271 2.335 9.589 21
0.216 2.375 9.498 19
0.232 2.384 9.559 20
0.28 2.386 9.563 20
0.264 2.361 9.651 20
0.319 2.338 9.648 20
0.317 2.338 9.63 20
0.205 2.408 9.645 20
0.348 2.324 9.659 20
0.367 2.372 9.675 23
0.338 2.418 9.696 17
0.332 2.41 9.648 20
0.318 2.393 9.55 20
0.313 2.377 9.473 20
0.285 2.368 9.517 20
0.294 2.381 9.552 20
0.257 2.294 9.626 20
0.271 2.214 9.655 20
0.257 2.207 9.626 20
0.265 2.274 9.635 20
0.305 2.298 9.691 20
0.292 2.325 9.675 20
0.285 2.308 9.559 31
0.244 2.433 9.556 19
0.3 2.422 9.607 20
0.382 2.338 9.703 20
0.334 2.283 9.75 20
0.325 2.235 9.76 20
0.287 2.345 9.621 20
0.257 2.432 9.626 20
0.308 2.356 9.592 21
0.307 2.309 9.715 19
0.347 2.226 9.624 20
0.255 2.359 9.575 20
0.196 2.44 9.527 20
0.245 2.379 9.576 20
0.22 2.354 9.62 20
0.274 2.246 9.632 24
0.295 2.302 9.714 16
0.265 2.32 9.649 20
0.265 2.344 9.608 20
0.251 2.317 9.535 20
0.21 2.342 9.408 20
0.214 2.412 9.426 20
0.263 2.384 9.523 20
0.21 2.362 9.681 20
0.29 2.204 9.681 20
0.251 2.252 9.697 20
0.21 2.333 9.691 20
0.314 2.345 9.713 20
0.261 2.351 9.699 20
0.265 2.357 9.595 21
0.285 2.386 9.582 20
0.237 2.429 9.556 19
0.28 2.422 9.566 20
0.289 2.348 9.709 20
0.347 2.288 9.69 20
0.245 2.325 9.765 20
0.273 2.288 9.641 20
0.243 2.392 9.583 21
0.249 2.391 9.625 19
0.279 2.341 9.671 20
0.295 2.278 9.589 20
0.271 2.277 9.501 20
0.205 2.391 9.515 21
0.22 2.379 9.534 19
0.287 2.286 9.674 20
0.347 2.173 9.69 20
0.332 2.306 9.627 25
0.294 2.397 9.595 16
0.295 2.507 9.528 23
0.323 2.506 9.6 16
0.249 2.509 9.607 20
0.332 2.363 9.673 20
0.287 2.369 9.707 21
0.251 2.399 9.659 30
0.261 2.374 9.588 20
0.264 2.315 9.527 19
0.312 2.262 9.534 31
0.313 2.363 9.575 19
0.298 2.391 9.613 21
0.294 2.377 9.564 19
0.298 2.386 9.45 20
0.261 2.448 9.528 31
0.261 2.448 9.528 10
0.281 2.422 9.623 19
0.313 2.332 9.704 21
0.289 2.345 9.619 19
0.301 2.329 9.724 21
0.311 2.36 9.705 19
0.317 2.399 9.546 31
0.283 2.453 9.566 19
0.259 2.444 9.583 20
0.311 2.381 9.685 20
0.359 2.339 9.659 30
0.328 2.374 9.618 20
0.296 2.389 9.552 20
0.296 2.386 9.497 21
0.292 2.353 9.507 19
0.281 2.341 9.53 20
0.283 2.306 9.532 21
0.232 2.274 9.617 19
0.234 2.224 9.643 21
0.231 2.29 9.629 19
0.311 2.265 9.69 20
0.318 2.314 9.703 21
0.344 2.293 9.613 19
0.263 2.385 9.661 22
0.341 2.396 9.588 18
0.326 2.402 9.601 20
0.368 2.406 9.704 21
0.398 2.341 9.708 19
0.409 2.318 9.66 20
0.37 2.331 9.472 20
0.307 2.406 9.505 20
0.277 2.404 9.616 21
0.34 2.295 9.783 19
0.364 2.229 9.705 21
0.271 2.258 9.582 19
0.258 2.307 9.568 20
0.28 2.343 9.63 21
0.304 2.29 9.683 19
0.389 2.257 9.606 20
0.317 2.318 9.651 20
0.334 2.344 9.598 20
0.334 2.335 9.631 21
0.257 2.335 9.546 19
0.258 2.405 9.553 21
0.319 2.395 9.663 19
0.365 2.357 9.716 20
0.337 2.263 9.698 20
0.319 2.257 9.69 20
0.316 2.269 9.571 21
0.239 2.317 9.551 19
0.239 2.327 9.462 21
0.274 2.3 9.527 20
0.273 2.259 9.667 19
0.349 2.228 9.796 21
0.319 2.18 9.745 20
0.252 2.262 9.612 19
0.249 2.325 9.513 20
0.271 2.415 9.55 20
0.286 2.416 9.662 20
0.377 2.36 9.697 20
0.444 2.26 9.697 20
0.323 2.357 9.71 30
0.316 2.349 9.672 20
0.341 2.247 9.492 30
0.299 2.26 9.606 20
0.36 2.262 9.569 20
0.289 2.3 9.642 20
0.306 2.26 9.614 21
0.35 2.174 9.536 19
0.256 2.265 9.606 20
0.317 2.235 9.629 20
0.323 2.265 9.58 20
0.32 2.271 9.547 20
0.302 2.289 9.595 20
0.365 2.29 9.54 20
0.301 2.341 9.66 20
0.358 2.215 9.692 20
0.32 2.269 9.69 20
0.269 2.315 9.61 20
0.352 2.342 9.69 30
0.352 2.276 9.726 20
0.391 2.183 9.716 20
0.373 2.226 9.626 20
0.325 2.342 9.453 20
0.287 2.416 9.454 20
0.358 2.354 9.581 20
0.395 2.222 9.696 21
0.352 2.163 9.734 19
0.324 2.121 9.569 20
0.276 2.257 9.542 20
0.213 2.344 9.592 20
0.274 2.294 9.685 20
0.316 2.184 9.748 20
0.279 2.299 9.637 20
0.273 2.377 9.582 20
0.256 2.344 9.595 20
0.311 2.287 9.691 20
0.383 2.211 9.788 20
0.359 2.264 9.653 20
0.258 2.341 9.566 20
0.264 2.356 9.588 21
0.317 2.319 9.705 19
0.37 2.3 9.818 20
0.374 2.242 9.774 20
0.269 2.305 9.655 23
0.293 2.362 9.632 18
0.279 2.348 9.637 19
0.265 2.321 9.684 21
0.377 2.149 9.649 19
0.287 2.238 9.551 20
0.198 2.313 9.52 20
0.244 2.345 9.509 20
0.255 2.25 9.612 20
0.267 2.234 9.711 20
0.326 2.185 9.717 21
0.296 2.239 9.659 19
0.277 2.3 9.724 20
0.299 2.304 9.587 20
0.279 2.335 9.656 20
0.298 2.305 9.553 21
0.348 2.311 9.598 20
0.3 2.305 9.656 22
0.356 2.324 9.641 18
0.263 2.338 9.662 19
0.251 2.278 9.632 21
0.352 2.226 9.683 19
0.302 2.28 9.715 20
0.263 2.324 9.527 22
0.188 2.369 9.435 18
0.273 2.349 9.557 20
0.342 2.321 9.703 30
0.437 2.223 9.763 21
0.317 2.266 9.726 19
0.288 2.307 9.65 20
0.317 2.337 9.655 21
0.331 2.337 9.588 19
0.328 2.318 9.578 21
0.367 2.341 9.66 19
0.346 2.385 9.618 20
0.379 2.372 9.645 20
0.364 2.348 9.641 20
0.29 2.368 9.661 20
0.356 2.312 9.672 20
0.307 2.309 9.716 20
0.376 2.312 9.679 20
0.326 2.308 9.601 20
0.285 2.345 9.514 23
0.337 2.398 9.503 19
0.36 2.454 9.624 18
0.382 2.353 9.65 21
0.387 2.321 9.656 19
0.364 2.363 9.686 21
0.374 2.317 9.656 19
0.367 2.349 9.564 20
0.308 2.39 9.606 21
0.325 2.367 9.571 20
0.354 2.304 9.653 20
0.364 2.307 9.546 19
0.285 2.367 9.545 20
0.279 2.423 9.65 20
0.338 2.302 9.721 20
0.391 2.203 9.776 21
0.409 2.223 9.637 19
0.338 2.369 9.504 20
0.299 2.452 9.521 21
0.371 2.423 9.515 22
0.402 2.384 9.569 19
0.421 2.366 9.612 18
0.348 2.423 9.782 31
0.391 2.298 9.777 19
0.387 2.252 9.635 23
0.33 2.253 9.559 18
0.372 2.355 9.538 19
0.324 2.363 9.571 21
0.36 2.314 9.472 19
0.319 2.325 9.524 21
0.409 2.3 9.612 19
0.355 2.311 9.718 20
0.371 2.326 9.72 21
0.337 2.379 9.684 19
0.332 2.401 9.715 21
0.329 2.408 9.768 20
0.38 2.311 9.758 19
0.408 2.281 9.713 21
0.377 2.35 9.594 20
0.31 2.44 9.513 19
0.383 2.363 9.473 20
0.367 2.294 9.581 20
0.376 2.294 9.627 21
0.336 2.32 9.612 19
0.336 2.315 9.639 20
0.35 2.325 9.663 20
0.325 2.378 9.639 20
0.31 2.387 9.671 21
0.36 2.387 9.698 20
0.36 2.387 9.698 19
0.352 2.324 9.457 21
0.319 2.349 9.432 19
0.318 2.406 9.607 21
0.387 2.315 9.668 19
0.367 2.269 9.68 20
0.33 2.242 9.619 20
0.258 2.32 9.644 20
0.27 2.326 9.594 31
0.307 2.323 9.621 19
0.365 2.29 9.587 21
0.283 2.331 9.611 19
0.346 2.307 9.612 20
0.353 2.333 9.65 20
0.355 2.371 9.752 20
0.44 2.293 9.685 21
0.33 2.335 9.679 19
0.349 2.359 9.582 20
0.298 2.416 9.583 20
0.307 2.313 9.599 20
0.313 2.298 9.624 21
0.332 2.319 9.619 20
0.287 2.315 9.624 19
0.281 2.336 9.493 20
0.255 2.321 9.454 21
0.257 2.359 9.457 20
0.281 2.305 9.635 19
0.413 2.305 9.708 20
0.3 2.304 9.717 20
0.344 2.302 9.642 20
0.308 2.359 9.568 21
0.292 2.401 9.588 19
0.31 2.39 9.66 20
0.352 2.359 9.685 20
0.354 2.315 9.692 21
0.366 2.271 9.691 20
0.383 2.3 9.741 19
0.352 2.317 9.623 20
0.385 2.349 9.564 20
0.329 2.36 9.542 20
0.295 2.404 9.601 21
0.364 2.33 9.568 19
0.359 2.282 9.547 20
0.3 2.246 9.617 21
0.334 2.299 9.713 19
0.307 2.306 9.72 21
0.306 2.308 9.535 20
0.317 2.337 9.556 19
0.365 2.368 9.647 21
0.373 2.325 9.686 19
0.358 2.327 9.653 21
0.356 2.305 9.524 19
0.328 2.391 9.65 21
0.379 2.314 9.769 20
0.411 2.254 9.788 19
0.383 2.222 9.592 21
0.273 2.375 9.511 20
0.317 2.44 9.56 19
0.329 2.422 9.629 21
0.434 2.281 9.601 19
0.347 2.289 9.605 20
0.361 2.305 9.618 20
0.228 2.347 9.674 20
0.316 2.24 9.686 20
0.368 2.214 9.653 20
0.314 2.251 9.605 20
0.275 2.342 9.54 20
0.271 2.397 9.49 20
0.279 2.338 9.639 21
0.285 2.286 9.733 19
0.386 2.155 9.748 21
0.372 2.178 9.714 19
0.229 2.337 9.73 20
0.362 2.318 9.691 21
0.358 2.304 9.689 19
0.356 2.294 9.605 21
0.379 2.294 9.594 19
0.308 2.333 9.592 20
0.35 2.29 9.605 21
0.318 2.274 9.74 19
0.313 2.246 9.648 21
0.267 2.21 9.63 22
0.301 2.214 9.673 17
0.37 2.227 9.653 21
0.301 2.238 9.72 19
0.336 2.228 9.592 21
0.319 2.259 9.578 21
0.298 2.251 9.666 18
0.401 2.236 9.645 21
0.364 2.307 9.618 19
0.238 2.349 9.548 21
0.307 2.269 9.566 19
0.318 2.268 9.643 20
0.276 2.321 9.685 21
0.337 2.258 9.752 20
0.354 2.238 9.701 20
0.306 2.265 9.675 20
0.35 2.27 9.665 19
0.325 2.327 9.6 21
0.289 2.337 9.538 19
0.319 2.332 9.536 21
0.362 2.241 9.616 19
0.355 2.204 9.713 26
0.308 2.271 9.677 15
0.257 2.307 9.554 19
0.281 2.281 9.58 22
0.3 2.234 9.703 19
0.353 2.269 9.786 22
0.358 2.245 9.78 17
0.408 2.236 9.601 20
0.306 2.377 9.526 21
0.287 2.411 9.462 19
0.397 2.325 9.492 20
0.338 2.33 9.59 21
0.358 2.324 9.606 19
0.429 2.284 9.645 21
0.341 2.289 9.775 19
0.366 2.242 9.736 20
0.343 2.268 9.625 20
0.276 2.343 9.483 20
0.324 2.38 9.63 25
0.37 2.306 9.654 15
0.398 2.308 9.562 20
0.338 2.321 9.611 21
0.379 2.284 9.623 19
0.385 2.331 9.741 21
0.383 2.286 9.727 19
0.325 2.354 9.782 20
0.459 2.286 9.623 20
0.244 2.347 9.423 20
0.234 2.337 9.449 21
0.356 2.295 9.711 20
0.382 2.212 9.759 19
0.371 2.18 9.654 30
0.318 2.252 9.459 21
0.276 2.349 9.479 20
0.348 2.365 9.715 19
0.387 2.315 9.868 21
0.376 2.289 9.575 19
0.308 2.396 9.519 20
0.287 2.411 9.598 20
0.431 2.244 9.596 20
0.458 2.179 9.596 21
0.382 2.269 9.57 19
0.35 2.335 9.586 24
0.365 2.361 9.671 17
0.382 2.313 9.801 19
0.496 2.175 9.812 21
0.457 2.165 9.645 19
0.32 2.349 9.505 31
0.27 2.423 9.466 20
0.431 2.332 9.711 30
0.443 2.32 9.806 19
0.404 2.304 9.753 23
0.352 2.324 9.638 18
0.324 2.368 9.641 19
0.287 2.378 9.546 21
0.328 2.362 9.667 20
0.405 2.284 9.626 19
0.355 2.276 9.6 20
0.32 2.363 9.513 21
0.331 2.336 9.459 20
0.313 2.363 9.508 19
0.283 2.301 9.68 24
0.387 2.151 9.677 16
0.318 2.201 9.53 20
0.31 2.36 9.392 21
0.328 2.476 9.498 29
0.331 2.399 9.659 22
0.429 2.336 9.596 18
0.312 2.505 9.576 31
0.386 2.481 9.644 20
0.389 2.377 9.614 19
0.417 2.227 9.582 20
0.362 2.187 9.435 21
0.255 2.295 9.297 21
0.302 2.379 9.303 18
0.273 2.379 9.335 21
0.372 2.276 9.404 20
0.305 2.296 9.424 20
0.279 2.317 9.38 21
0.271 2.293 9.374 18
0.256 2.262 9.408 20
0.302 2.22 9.375 20
0.302 2.226 9.455 20
0.35 2.215 9.451 30
0.286 2.341 9.437 20
0.306 2.317 9.266 22
0.29 2.361 9.389 18
0.429 2.299 9.411 20
0.401 2.301 9.424 22
0.326 2.368 9.43 18
0.359 2.326 9.402 22
0.348 2.308 9.325 18
0.331 2.274 9.32 21
0.364 2.192 9.535 19
0.451 2.095 9.424 20
0.273 2.271 9.31 21
0.238 2.345 9.142 19
0.281 2.412 9.097 20
0.249 2.372 9.157 20
0.344 2.252 9.308 20
0.334 2.234 9.43 21
0.245 2.293 9.26 19
0.215 2.313 9.123 20
0.27 2.272 9.174 20
0.299 2.254 9.328 20
0.398 2.174 9.411 21
0.328 2.264 9.2 19
0.253 2.349 9.032 20
0.283 2.408 9.075 20
0.287 2.398 9.242 20
0.329 2.227 9.283 21
0.314 2.184 9.305 19
0.226 2.271 9.18 20
0.22 2.289 9.174 20
0.215 2.254 9.156 20
0.202 2.257 9.366 21
0.343 2.173 9.425 19
0.283 2.25 9.321 20
0.222 2.344 9.213 21
0.288 2.414 9.237 19
0.283 2.375 9.271 20
0.35 2.241 9.347 20
0.268 2.292 9.401 20
0.262 2.278 9.304 21
0.267 2.27 9.22 19
0.259 2.23 9.081 21
0.229 2.286 9.198 19
0.318 2.298 9.354 20
0.275 2.26 9.36 20
0.337 2.218 9.299 20
0.231 2.282 9.262 21
0.25 2.327 9.251 19
0.305 2.274 9.316 20
0.294 2.226 9.29 20
0.235 2.271 9.23 20
0.17 2.315 9.22 21
0.257 2.191 9.342 19
0.329 2.143 9.466 20
0.304 2.169 9.427 21
0.226 2.265 9.342 19
0.191 2.351 9.146 21
0.217 2.367 9.104 20
0.225 2.309 9.225 19
0.39 2.191 9.41 21
0.365 2.204 9.526 19
0.311 2.221 9.443 20
0.263 2.262 9.329 20
0.263 2.311 9.255 20
0.234 2.315 9.254 20
0.29 2.226 9.286 24
0.29 2.226 9.286 17
0.243 2.253 9.257 19
0.195 2.277 9.289 30
0.247 2.242 9.493 20
0.293 2.218 9.511 20
0.307 2.228 9.402 20
0.215 2.312 9.265 20
0.208 2.307 9.114 30
0.191 2.275 9.305 20
0.334 2.143 9.405 20
0.317 2.157 9.552 20
0.231 2.254 9.503 20
0.283 2.301 9.437 21
0.263 2.307 9.426 19
0.311 2.298 9.431 22
0.359 2.33 9.497 18
0.304 2.428 9.487 20
0.289 2.393 9.484 21
0.355 2.299 9.455 19
0.308 2.277 9.489 21
0.289 2.284 9.46 19
0.287 2.259 9.418 20
0.241 2.282 9.483 21
0.262 2.241 9.505 19
0.265 2.212 9.569 21
0.294 2.259 9.467 28
0.294 2.259 9.467 11
0.273 2.264 9.471 20
0.27 2.283 9.433 21
0.235 2.333 9.417 21
0.262 2.386 9.429 18
0.271 2.339 9.527 20
0.294 2.246 9.641 20
0.366 2.161 9.66 20
0.282 2.207 9.513 21
0.253 2.284 9.344 19
0.298 2.332 9.309 20
0.289 2.337 9.437 20
0.374 2.296 9.449 20
0.27 2.341 9.502 21
0.331 2.33 9.553 20
0.334 2.301 9.611 20
0.348 2.318 9.644 20
0.298 2.325 9.568 19
0.275 2.355 9.505 21
0.252 2.319 9.498 19
0.27 2.313 9.57 23
0.3 2.268 9.556 17
0.31 2.307 9.468 20
0.261 2.313 9.449 20
0.292 2.339 9.45 20
0.317 2.342 9.51 20
0.298 2.318 9.56 21
0.358 2.313 9.577 19
0.376 2.275 9.575 21
0.302 2.331 9.571 19
0.258 2.422 9.453 20
0.282 2.416 9.463 20
0.35 2.424 9.538 20
0.312 2.398 9.613 21
0.36 2.263 9.668 20
0.352 2.216 9.651 19
0.263 2.324 9.692 21
0.313 2.3 9.616 19
0.33 2.326 9.562 21
0.264 2.384 9.502 19
0.308 2.372 9.485 20
0.274 2.374 9.522 21
0.263 2.411 9.51 19
0.282 2.311 9.533 21
0.342 2.244 9.582 19
0.343 2.248 9.686 20
0.348 2.286 9.484 21
0.348 2.286 9.484 19
0.283 2.398 9.363 21
0.33 2.385 9.513 19
0.305 2.345 9.602 20
0.307 2.365 9.605 20
0.29 2.327 9.612 20
0.324 2.345 9.689 20
0.316 2.339 9.75 21
0.376 2.349 9.71 19
0.288 2.396 9.539 20
0.25 2.381 9.399 21
0.292 2.38 9.4 19
0.269 2.391 9.459 21
0.273 2.292 9.511 19
0.356 2.217 9.62 21
0.29 2.245 9.522 19
0.258 2.3 9.529 21
0.27 2.374 9.536 19
0.263 2.375 9.562 20
0.337 2.335 9.639 21
0.346 2.321 9.729 19
0.387 2.339 9.79 21
0.304 2.392 9.687 19
0.322 2.397 9.546 20
0.308 2.397 9.576 21
0.276 2.397 9.598 19
0.338 2.304 9.701 20
0.38 2.215 9.653 20
0.294 2.222 9.563 20
0.258 2.305 9.479 21
0.258 2.317 9.523 19
0.219 2.329 9.631 20
0.213 2.247 9.707 21
0.31 2.212 9.643 19
0.259 2.326 9.675 22
0.259 2.326 9.675 18
0.328 2.264 9.462 30
0.319 2.239 9.36 20
0.335 2.339 9.427 20
0.34 2.372 9.501 20
0.411 2.309 9.463 20
0.373 2.266 9.507 20
0.408 2.192 9.442 20
0.271 2.29 9.455 20
0.208 2.315 9.404 20
0.152 2.305 9.602 20
0.255 2.166 9.795 20
0.335 2.035 9.885 20
0.192 2.099 9.772 20
0.199 2.106 9.55 20
0.191 2.217 9.516 20
0.15 2.306 9.467 20
0.283 2.298 9.559 20
0.332 2.314 9.673 20
0.415 2.366 9.724 20
0.336 2.39 9.72 20
0.355 2.309 9.73 20
0.367 2.214 9.702 20
0.36 2.151 9.648 20
0.285 2.217 9.667 21
0.261 2.21 9.642 19
0.282 2.141 9.618 20
0.269 2.124 9.716 20
0.288 2.132 9.669 20
0.221 2.203 9.625 20
0.221 2.247 9.639 20
0.279 2.229 9.625 20
0.241 2.189 9.6 20
0.317 2.127 9.594 21
0.283 2.168 9.623 20
0.241 2.197 9.661 19
0.257 2.202 9.616 22
0.182 2.162 9.598 28
0.273 2.127 9.686 21
0.342 2.094 9.738 19
0.305 2.081 9.756 20
0.33 2.089 9.738 20
0.352 2.135 9.65 20
0.338 2.093 9.49 21
0.311 2.113 9.54 19
0.352 2.195 9.65 21
0.353 2.203 9.608 19
0.298 2.162 9.619 20
0.373 2.161 9.552 20
0.228 2.131 9.709 20
0.296 2.087 9.678 20
0.249 2.042 9.807 20
0.296 2.032 9.815 20
0.282 2.071 9.655 20
0.257 2.132 9.657 20
0.326 2.117 9.571 20
0.258 2.157 9.586 20
0.229 2.214 9.687 21
0.271 2.185 9.836 19
0.129 2.08 9.814 30
0.239 2.041 9.728 20
0.349 2.082 9.677 21
0.032 2.468 9.411 20
0.075 2.623 9.539 19
0.502 2.651 9.535 20
0.605 2.721 9.469 21
0.608 2.608 9.447 19
0.347 2.769 9.411 20
0.155 2.547 9.602 20
0.11 2.392 9.511 20
0.162 2.078 9.638 21
0.144 1.859 9.466 19
-0.077 1.922 9.582 20
-0.27 2.001 9.577 21
-0.05 2.065 9.705 19
-0.22 2.169 9.808 21
-0.104 2.113 9.78 19
-0.067 1.936 9.653 20
-0.076 1.938 9.611 32
-0.165 1.961 9.633 18
-0.076 2.179 9.574 20
-0.11 2.211 9.695 20
-0.135 2.056 9.915 20
-0.003 1.88 9.826 21
-0.106 1.91 9.977 19
-0.253 2.15 9.243 20
-0.112 2.133 9.086 20
-0.013 2.287 9.232 20
0.0 2.234 10.192 21
0.073 2.12 10.096 19
0.049 1.927 9.842 20
-0.226 1.865 9.645 20
-0.349 1.991 9.208 20
-0.384 2.184 9.207 20
0.142 2.112 9.668 20
0.25 2.072 10.092 20
0.262 2.015 10.182 20
0.046 2.184 9.759 30
0.118 2.165 9.845 20
0.203 2.199 9.568 20
0.168 2.301 9.678 20
0.265 2.242 9.854 20
0.355 2.224 9.946 20
0.216 2.138 9.523 20
-0.113 2.191 9.509 20
-0.04 2.063 9.313 20
0.002 2.204 9.429 20
0.268 2.232 9.657 20
0.057 2.386 9.645 24
0.235 2.232 9.304 17
0.13 2.33 9.566 19
0.102 2.238 9.663 21
0.153 2.141 9.612 19
0.227 2.01 9.683 20
0.149 2.247 9.653 20
0.105 2.319 9.49 30
0.067 2.329 9.666 20
0.203 2.208 9.589 20
0.27 2.309 9.677 21
0.221 2.445 9.793 19
0.245 2.366 9.655 20
0.471 2.313 9.241 21
0.301 2.711 9.806 20
0.747 2.724 10.038 20
0.189 2.343 9.007 19
0.114 2.224 9.491 20
0.338 2.165 10.061 21
0.256 2.209 10.045 19
0.252 2.149 9.946 21
0.192 2.211 9.627 20
-0.104 2.379 9.329 19
-0.382 2.354 9.269 20
0.176 2.104 9.56 21
-0.093 2.174 9.744 19
0.067 2.23 9.754 21
-0.184 2.393 9.46 19
-0.555 2.537 8.909 20
-0.353 2.404 8.904 20
-0.059 2.151 10.116 20
0.032 2.189 10.013 21
0.073 2.12 9.929 20
-0.111 2.288 9.305 23
-1.282 2.318 8.038 16
-0.419 2.422 8.588 21
-0.176 2.791 10.032 19
0.516 2.705 10.85 20
0.243 2.368 10.031 20
-0.625 2.366 9.315 20
-0.564 2.264 9.514 20
-0.38 2.241 9.703 20
-0.665 2.444 10.021 24
-0.532 2.344 10.071 16
# end
#Mon Jan 05 14:30:06 PST 2015