# Accelerometer Values
# filename:  default.txt
# Saving start time: Mon Dec 15 22:04:48 PST 2014

# sensor resolution: 1.0m/s^2
#Sensorvendor: Invensense, name: MPL accel, type: 1,version : 1, range 10240.0

# X value, Y value, Z value, time diff in ms
-2.724 9.607 0.371 20
-2.756 9.617 0.235 30
-2.783 9.617 0.225 20
-2.824 9.582 0.268 20
-2.851 9.547 0.287 20
-2.812 9.587 0.285 20
-2.823 9.588 0.359 20
-2.741 9.612 0.414 20
-2.794 9.643 0.355 30
-2.737 9.63 0.311 30
-2.768 9.608 0.308 20
-2.768 9.594 0.245 20
-2.762 9.606 0.24 20
-2.796 9.63 0.282 20
-2.822 9.596 0.256 19
-2.834 9.592 0.281 21
-2.827 9.605 0.293 20
-2.789 9.589 0.302 22
-2.829 9.587 0.37 18
-2.816 9.6 0.373 20
-2.79 9.563 0.356 20
-2.872 9.566 0.364 19
-2.808 9.582 0.32 21
-2.747 9.611 0.358 20
-2.767 9.619 0.32 30
-2.823 9.588 0.281 20
-2.799 9.558 0.28 20
-2.859 9.519 0.319 20
-2.846 9.554 0.336 20
-2.79 9.637 0.323 20
-2.731 9.702 0.299 20
-2.774 9.662 0.334 20
-2.799 9.631 0.356 20
-2.826 9.59 0.305 20
-2.862 9.532 0.401 20
-2.838 9.507 0.358 20
-2.749 9.552 0.378 20
-2.748 9.607 0.38 20
-2.731 9.647 0.322 20
-2.768 9.638 0.328 20
-2.863 9.552 0.314 30
-2.884 9.526 0.316 30
-2.842 9.562 0.34 20
-2.796 9.551 0.368 20
-2.762 9.684 0.459 30
-2.731 9.651 0.488 20
-2.741 9.667 0.462 20
-2.748 9.595 0.47 20
-2.832 9.558 0.411 20
-2.82 9.546 0.376 19
-2.804 9.56 0.378 21
-2.789 9.596 0.319 20
-2.796 9.6 0.252 19
-2.798 9.606 0.316 21
-2.809 9.592 0.263 20
-2.832 9.584 0.298 20
-2.756 9.58 0.384 20
-2.769 9.606 0.392 100
-2.755 9.641 0.336 19
-2.794 9.594 0.323 21
-2.81 9.562 0.38 20
-2.777 9.595 0.385 25
-2.778 9.626 0.458 15
-2.798 9.587 0.401 30
-2.803 9.558 0.489 20
-2.811 9.588 0.452 20
-2.745 9.612 0.489 19
-2.842 9.621 0.408 30
-2.812 9.582 0.392 21
-2.836 9.589 0.354 20
-2.78 9.572 0.331 20
-2.751 9.62 0.382 20
-2.785 9.58 0.379 30
-2.821 9.571 0.416 20
-2.79 9.581 0.44 20
-2.78 9.588 0.458 22
-2.79 9.606 0.463 18
-2.828 9.584 0.419 20
-2.742 9.608 0.416 20
-2.768 9.614 0.422 20
-2.823 9.612 0.332 20
-2.802 9.582 0.349 20
-2.784 9.56 0.358 20
-2.829 9.575 0.366 20
-2.789 9.562 0.385 20
-2.757 9.619 0.452 20
-2.791 9.612 0.378 20
-2.781 9.641 0.385 21
-2.785 9.624 0.434 19
-2.783 9.6 0.387 20
-2.732 9.639 0.395 20
-2.765 9.627 0.449 30
-2.794 9.562 0.427 20
-2.806 9.523 0.414 20
-2.792 9.578 0.396 30
-2.817 9.627 0.311 20
-2.806 9.616 0.402 30
-2.835 9.58 0.377 20
-2.823 9.556 0.396 20
-2.806 9.544 0.393 20
-2.793 9.602 0.427 30
-2.757 9.625 0.359 20
-2.733 9.625 0.377 20
-2.767 9.614 0.334 19
-2.755 9.647 0.323 21
-2.717 9.613 0.282 20
-2.759 9.59 0.337 20
-2.783 9.613 0.403 20
-2.835 9.616 0.393 20
-2.823 9.552 0.473 20
-2.797 9.619 0.461 20
-2.765 9.59 0.488 20
-2.765 9.618 0.45 20
-2.751 9.571 0.499 30
-2.794 9.595 0.431 20
-2.787 9.594 0.359 20
-2.747 9.6 0.312 20
-2.761 9.675 0.335 20
-2.778 9.584 0.326 20
-2.681 9.641 0.311 20
-2.72 9.684 0.438 20
-2.787 9.604 0.405 20
-2.781 9.62 0.494 20
-2.765 9.576 0.481 21
-2.836 9.58 0.452 18
-2.772 9.547 0.488 21
-2.811 9.623 0.395 20
-2.743 9.6 0.338 20
-2.767 9.638 0.32 20
-2.769 9.606 0.241 30
-2.814 9.598 0.306 20
-2.789 9.571 0.346 20
-2.881 9.581 0.34 19
-2.82 9.533 0.396 21
-2.81 9.592 0.427 30
-2.748 9.629 0.42 20
-2.712 9.647 0.455 20
-2.763 9.617 0.408 20
-2.791 9.63 0.405 20
-2.791 9.59 0.42 20
-2.84 9.612 0.374 30
-2.803 9.588 0.32 19
-2.828 9.608 0.282 21
-2.779 9.587 0.371 20
-2.853 9.574 0.401 20
-2.834 9.53 0.414 20
-2.839 9.519 0.463 20
-2.802 9.57 0.407 20
-2.796 9.632 0.437 20
-2.76 9.672 0.391 20
-2.794 9.649 0.387 20
-2.799 9.623 0.411 19
-2.772 9.604 0.404 21
-2.778 9.524 0.414 20
-2.804 9.577 0.38 20
-2.82 9.568 0.349 25
-2.785 9.616 0.386 15
-2.759 9.617 0.389 20
-2.863 9.619 0.378 20
-2.836 9.55 0.419 28
-2.836 9.55 0.419 12
-2.854 9.564 0.476 19
-2.823 9.527 0.495 22
-2.787 9.618 0.422 19
-2.745 9.632 0.411 20
-2.76 9.639 0.355 20
-2.789 9.592 0.324 20
-2.816 9.598 0.313 20
-2.802 9.575 0.299 20
-2.768 9.578 0.344 20
-2.81 9.558 0.384 20
-2.73 9.627 0.419 20
-2.787 9.633 0.451 20
-2.802 9.612 0.415 19
-2.76 9.587 0.453 21
-2.792 9.57 0.441 20
-2.821 9.571 0.422 20
-2.811 9.617 0.362 160
-2.791 9.61 0.456 20
-2.793 9.589 0.397 20
-2.747 9.554 0.457 20
-2.786 9.589 0.364 20
-2.791 9.601 0.449 20
-2.75 9.643 0.004 20
-2.858 9.671 0.091 19
-2.852 9.586 0.383 21
-3.017 9.608 0.414 20
-2.893 9.627 0.783 20
-2.759 9.514 0.805 20
-2.64 9.6 0.804 20
-2.708 9.617 0.767 20
-2.711 9.663 0.534 20
-2.694 9.617 0.409 20
-2.791 9.637 0.234 20
-2.812 9.583 0.134 19
-2.872 9.542 0.152 21
-2.847 9.546 0.239 20
-2.812 9.572 0.37 20
-2.793 9.601 0.49 20
-2.771 9.589 0.598 20
-2.765 9.624 0.596 20
-2.724 9.624 0.681 20
-2.773 9.627 0.565 20
-2.717 9.618 0.487 20
-2.721 9.63 0.336 20
-2.775 9.595 0.3 20
-2.809 9.613 0.28 23
-2.83 9.572 0.245 17
-2.835 9.578 0.209 20
-2.803 9.588 0.336 20
-2.796 9.617 0.372 20
-2.791 9.614 0.434 20
-2.726 9.616 0.483 20
-2.75 9.602 0.528 20
-2.774 9.635 0.529 20
-2.769 9.595 0.437 20
-2.84 9.568 0.415 20
-2.838 9.529 0.307 20
-2.797 9.566 0.311 20
-2.804 9.627 0.319 20
-2.721 9.633 0.298 20
-2.761 9.625 0.288 21
-2.732 9.624 0.37 19
-2.762 9.608 0.443 20
-2.793 9.618 0.471 19
-2.779 9.571 0.477 21
-2.783 9.575 0.458 20
-2.792 9.556 0.504 20
-2.701 9.599 0.44 20
-2.742 9.631 0.368 20
-2.768 9.654 0.324 20
-2.76 9.649 0.311 20
-2.751 9.621 0.244 20
-2.762 9.626 0.281 20
-2.757 9.625 0.21 19
-2.774 9.655 0.265 21
-2.779 9.59 0.292 20
-2.762 9.586 0.328 20
-2.717 9.606 0.405 20
-2.721 9.62 0.456 20
-2.727 9.66 0.377 20
-2.686 9.653 0.414 20
-2.748 9.623 0.421 20
-2.761 9.584 0.408 20
-2.737 9.61 0.356 19
-2.737 9.647 0.36 21
-2.755 9.63 0.258 20
-2.744 9.617 0.294 20
-2.767 9.594 0.268 20
-2.791 9.604 0.253 20
-2.72 9.636 0.301 20
-2.692 9.669 0.261 20
-2.733 9.624 0.356 20
-2.709 9.607 0.378 23
-2.7 9.598 0.462 16
-2.75 9.593 0.451 21
-2.744 9.608 0.361 20
-2.713 9.647 0.332 20
-2.715 9.633 0.323 20
-2.743 9.625 0.322 20
-2.743 9.554 0.296 20
-2.78 9.6 0.304 20
-2.744 9.647 0.343 20
-2.753 9.614 0.349 20
-2.809 9.578 0.362 19
-2.765 9.633 0.443 21
-2.692 9.641 0.346 20
-2.612 9.69 0.396 20
-2.674 9.697 -0.039 20
-2.692 9.724 0.015 20
-2.761 9.568 0.189 20
-2.869 9.49 0.415 20
-2.853 9.539 0.62 20
-2.731 9.562 0.732 20
-2.694 9.617 0.689 19
-2.644 9.686 0.634 21
-2.663 9.663 0.528 20
# end
#Mon Dec 15 22:04:54 PST 2014